0.5 1.7 1.7 2 1 0
0.52 1.7 1.7 1 1 0
0.54 1.7 1.7 1 1 0
0.56 1.7 1.7 1 1 0
0.58 1.7 1.7 1 1 0
0.6 1.7 1.7 1 1 0
0.62 1.7 1.7 1 1 0
0.64 1.7 1.7 1 1 0
0.66 1.7 1.7 1 1 0
0.68 1.7 1.7 1 1 0
0.7 1.7 1.7 1 1 0
0.72 1.7 1.7 1 1 0
0.74 1.7 1.7 1 1 0
0.76 1.7 1.7 1 1 0
0.78 1.7 1.7 1 1 0
0.8 1.7 1.7 1 1 0
0.82 1.7 1.7 1 1 0
0.84 1.7 1.7 1 1 0
0.86 1.7 1.7 1 1 0
0.88 1.7 1.7 1 1 0
0.9 1.7 1.7 1 1 0
0.92 1.7 1.7 1 1 0
0.94 1.7 1.7 1 1 0
0.96 1.7 1.7 1 1 0
0.98 1.7 1.7 1 1 0
1 1.7 1.7 1 1 0
1.02 1.7 1.7 1 1 0
1.04 1.7 1.7 1 1 0
1.06 1.7 1.7 1 1 0
1.08 1.7 1.7 1 1 0
1.1 1.7 1.7 1 1 0
1.12 1.7 1.7 1 1 0
1.14 1.7 1.7 1 1 0
1.16 1.7 1.7 1 1 0
1.18 1.7 1.7 1 1 0
1.2 1.7 1.7 1 1 0
1.22 1.7 1.7 1 1 0
1.24 1.7 1.7 1 1 0
1.26 1.7 1.7 1 1 0
1.28 1.7 1.7 1 1 0
1.3 1.7 1.7 1 1 0
1.32 1.7 1.7 1 1 0
1.34 1.7 1.7 1 1 0
1.36 1.7 1.7 1 1 0
1.38 1.7 1.7 1 1 0
1.4 1.7 1.7 1 1 0
1.42 1.7 1.7 1 1 0
1.44 1.7 1.7 1 1 0
1.46 1.7 1.7 1 1 0
1.47059 1.7 1.7 2 1 0
1.49059 1.7 1.7 2 1 0
1.51059 1.7 1.7 2 1 0
1.53059 1.7 1.7 2 1 0
1.55059 1.7 1.7 2 1 0
1.57059 1.7 1.7 2 1 0
1.59059 1.7 1.7 2 1 0
1.61059 1.7 1.7 2 1 0
1.63059 1.7 1.7 2 1 0
1.65059 1.7 1.7 2 1 0
1.67059 1.7 1.7 2 1 0
1.69059 1.7 1.7 2 1 0
1.71059 1.7 1.7 2 1 0
1.73059 1.7 1.7 2 1 0
1.75059 1.7 1.7 2 1 0
1.77059 1.7 1.7 2 1 0
1.79059 1.7 1.7 2 1 0
1.81059 1.7 1.7 2 1 0
1.83059 1.7 1.7 2 1 0
1.85059 1.7 1.7 2 1 0
1.87059 1.7 1.7 2 1 0
1.89059 1.7 1.7 2 1 0
1.91059 1.7 1.7 2 1 0
1.93059 1.7 1.7 2 1 0
1.95059 1.7 1.7 2 1 0
1.97059 1.7 1.7 2 1 0
1.99059 1.7 1.7 2 1 0
2.01059 1.7 1.7 2 1 0
2.03059 1.7 1.7 2 1 0
2.05059 1.7 1.7 2 1 0
2.07059 1.7 1.7 2 1 0
2.09059 1.7 1.7 2 1 0
2.11059 1.7 1.7 2 1 0
2.13059 1.7 1.7 2 1 0
2.15059 1.7 1.7 2 1 0
2.17059 1.7 1.7 2 1 0
2.19059 1.7 1.7 2 1 0
2.21059 1.7 1.7 2 1 0
2.23059 1.7 1.7 2 1 0
2.25059 1.7 1.7 2 1 0
2.27059 1.7 1.7 2 1 0
2.29059 1.7 1.7 2 1 0
2.31059 1.7 1.7 2 1 0
2.33059 1.7 1.7 2 1 0
2.35059 1.7 1.7 2 1 0
2.37059 1.7 1.7 2 1 0
2.39059 1.7 1.7 2 1 0
2.41059 1.7 1.7 2 1 0
2.43059 1.7 1.7 2 1 0
2.45059 1.7 1.7 2 1 0
2.47059 1.7 1.7 2 1 0
2.49059 1.7 1.7 2 1 0
2.51059 1.7 1.7 2 1 0
2.53059 1.7 1.7 2 1 0
2.55059 1.7 1.7 2 1 0
2.57059 1.7 1.7 2 1 0
2.59059 1.7 1.7 2 1 0
2.61059 1.7 1.7 2 1 0
2.63059 1.7 1.7 2 1 0
2.65059 1.7 1.7 2 1 0
2.67059 1.7 1.7 2 1 0
2.69059 1.7 1.7 2 1 0
2.71059 1.7 1.7 2 1 0
2.73059 1.7 1.7 2 1 0
2.75059 1.7 1.7 2 1 0
2.77059 1.7 1.7 2 1 0
2.79059 1.7 1.7 2 1 0
2.81059 1.7 1.7 2 1 0
2.83059 1.7 1.7 2 1 0
2.85059 1.7 1.7 2 1 0
2.87059 1.7 1.7 2 1 0
2.89059 1.7 1.7 2 1 0
2.91059 1.7 1.7 2 1 0
2.93059 1.7 1.7 2 1 0
2.95059 1.7 1.7 2 1 0
2.97059 1.7 1.7 2 1 0
2.99059 1.7 1.7 2 1 0
3.01059 1.7 1.7 2 1 0
3.03059 1.7 1.7 2 1 0
3.05059 1.7 1.7 2 1 0
3.07059 1.7 1.7 2 1 0
3.09059 1.7 1.7 2 1 0
3.11059 1.7 1.7 2 1 0
3.13059 1.7 1.7 2 1 0
3.15059 1.7 1.7 2 1 0
3.17059 1.7 1.7 2 1 0
3.19059 1.7 1.7 2 1 0
3.21059 1.7 1.7 2 1 0
3.23059 1.7 1.7 2 1 0
3.25059 1.7 1.7 2 1 0
3.27059 1.7 1.7 2 1 0
3.29059 1.7 1.7 2 1 0
3.31059 1.7 1.7 2 1 0
3.33059 1.7 1.7 2 1 0
3.35059 1.7 1.7 2 1 0
3.37059 1.7 1.7 2 1 0
3.39059 1.7 1.7 2 1 0
3.41059 1.7 1.7 2 1 0
3.43059 1.7 1.7 2 1 0
3.45059 1.7 1.7 2 1 0
3.47059 1.7 1.7 2 1 0
3.49059 1.7 1.7 2 1 0
3.51059 1.7 1.7 2 1 0
3.53059 1.7 1.7 2 1 0
3.55059 1.7 1.7 2 1 0
3.57059 1.7 1.7 2 1 0
3.59059 1.7 1.7 2 1 0
3.61059 1.7 1.7 2 1 0
3.63059 1.7 1.7 2 1 0
3.65059 1.7 1.7 2 1 0
3.67059 1.7 1.7 2 1 0
3.69059 1.7 1.7 2 1 0
3.71059 1.7 1.7 2 1 0
3.73059 1.7 1.7 2 1 0
3.75059 1.7 1.7 2 1 0
3.77059 1.7 1.7 2 1 0
3.79059 1.7 1.7 2 1 0
3.81059 1.7 1.7 2 1 0
3.83059 1.7 1.7 2 1 0
3.85059 1.7 1.7 2 1 0
3.87059 1.7 1.7 2 1 0
3.89059 1.7 1.7 2 1 0
3.91059 1.7 1.7 2 1 0
3.93059 1.7 1.7 2 1 0
3.95059 1.7 1.7 2 1 0
3.97059 1.7 1.7 2 1 0
3.99059 1.7 1.7 2 1 0
4.01059 1.7 1.7 2 1 0
4.03059 1.7 1.7 2 1 0
4.05059 1.7 1.7 2 1 0
4.07059 1.7 1.7 2 1 0
4.09059 1.7 1.7 2 1 0
4.11059 1.7 1.7 2 1 0
4.13059 1.7 1.7 2 1 0
4.15059 1.7 1.7 2 1 0
4.17059 1.7 1.7 2 1 0
4.19059 1.7 1.7 2 1 0
4.21059 1.7 1.7 2 1 0
4.23059 1.7 1.7 2 1 0
4.25059 1.7 1.7 2 1 0
4.27059 1.7 1.7 2 1 0
4.29059 1.7 1.7 2 1 0
4.31059 1.7 1.7 2 1 0
4.33059 1.7 1.7 2 1 0
4.35059 1.7 1.7 2 1 0
4.37059 1.7 1.7 2 1 0
4.39059 1.7 1.7 2 1 0
4.41059 1.7 1.7 2 1 0
4.43059 1.7 1.7 2 1 0
4.45059 1.7 1.7 2 1 0
4.47059 1.7 1.7 2 1 0
4.49059 1.7 1.7 2 1 0
4.51059 1.7 1.7 2 1 0
4.53059 1.7 1.7 2 1 0
4.55059 1.7 1.7 2 1 0
4.57059 1.7 1.7 2 1 0
4.59059 1.7 1.7 2 1 0
4.61059 1.7 1.7 2 1 0
4.63059 1.7 1.7 2 1 0
4.65059 1.7 1.7 2 1 0
4.67059 1.7 1.7 2 1 0
4.69059 1.7 1.7 2 1 0
4.71059 1.7 1.7 2 1 0
4.73059 1.7 1.7 2 1 0
4.75059 1.7 1.7 2 1 0
4.77059 1.7 1.7 2 1 0
4.79059 1.7 1.7 2 1 0
4.81059 1.7 1.7 2 1 0
4.83059 1.7 1.7 2 1 0
4.85059 1.7 1.7 2 1 0
4.87059 1.7 1.7 2 1 0
4.89059 1.7 1.7 2 1 0
4.91059 1.7 1.7 2 1 0
4.93059 1.7 1.7 2 1 0
4.95059 1.7 1.7 2 1 0
4.97059 1.7 1.7 2 1 0
4.99059 1.7 1.7 2 1 0
5.01059 1.7 1.7 2 1 0
5.03059 1.7 1.7 2 1 0
5.05059 1.7 1.7 2 1 0
5.07059 1.7 1.7 2 1 0
5.09059 1.7 1.7 2 1 0
5.11059 1.7 1.7 2 1 0
5.13059 1.7 1.7 2 1 0
5.15059 1.7 1.7 2 1 0
5.17059 1.7 1.7 2 1 0
5.19059 1.7 1.7 2 1 0
5.21059 1.7 1.7 2 1 0
5.23059 1.7 1.7 2 1 0
5.25059 1.7 1.7 2 1 0
5.27059 1.7 1.7 2 1 0
5.29059 1.7 1.7 2 1 0
5.31059 1.7 1.7 2 1 0
5.33059 1.7 1.7 2 1 0
5.35059 1.7 1.7 2 1 0
5.37059 1.7 1.7 2 1 0
5.39059 1.7 1.7 2 1 0
5.41059 1.7 1.7 2 1 0
5.43059 1.7 1.7 2 1 0
5.45059 1.7 1.7 2 1 0
5.47059 1.7 1.7 2 1 0
5.49059 1.7 1.7 2 1 0
5.51059 1.7 1.7 2 1 0
5.53059 1.7 1.7 2 1 0
5.55059 1.7 1.7 2 1 0
5.57059 1.7 1.7 2 1 0
5.59059 1.7 1.7 2 1 0
5.61059 1.7 1.7 2 1 0
5.63059 1.7 1.7 2 1 0
5.65059 1.7 1.7 2 1 0
5.67059 1.7 1.7 2 1 0
5.69059 1.7 1.7 2 1 0
5.71059 1.7 1.7 2 1 0
5.73059 1.7 1.7 2 1 0
5.75059 1.7 1.7 2 1 0
5.77059 1.7 1.7 2 1 0
5.79059 1.7 1.7 2 1 0
5.81059 1.7 1.7 2 1 0
5.83059 1.7 1.7 2 1 0
5.85059 1.7 1.7 2 1 0
5.87059 1.7 1.7 2 1 0
5.89059 1.7 1.7 2 1 0
5.91059 1.7 1.7 2 1 0
5.93059 1.7 1.7 2 1 0
5.95059 1.7 1.7 2 1 0
5.97059 1.7 1.7 2 1 0
5.99059 1.7 1.7 2 1 0
6.01059 1.7 1.7 2 1 0
1.47059 1.7 1.7 2 2 0
1.46451 1.70706 1.70706 2 2 0
1.45936 1.71308 1.71308 2 2 0
1.45374 1.7197 1.7197 2 2 0
1.4454 1.72963 1.72963 2 2 0
1.43543 1.74163 1.74163 2 2 0
1.42562 1.75362 1.75362 2 2 0
1.41597 1.76558 1.76558 2 2 0
1.40646 1.77751 1.77751 2 2 0
1.39711 1.78941 1.78941 2 2 0
1.3879 1.80128 1.80128 2 2 0
1.37884 1.81312 1.81312 2 2 0
1.36992 1.82492 1.82492 2 2 0
1.36114 1.83669 1.83669 2 2 0
1.3525 1.84842 1.84842 2 2 0
1.344 1.86012 1.86012 2 2 0
1.33563 1.87178 1.87178 2 2 0
1.32739 1.88339 1.88339 2 2 0
1.31928 1.89497 1.89497 2 2 0
1.3113 1.9065 1.9065 2 2 0
1.30345 1.91799 1.91799 2 2 0
1.29571 1.92944 1.92944 2 2 0
1.2881 1.94084 1.94084 2 2 0
1.2806 1.9522 1.9522 2 2 0
1.27322 1.96352 1.96352 2 2 0
1.26596 1.97479 1.97479 2 2 0
1.2588 1.98601 1.98601 2 2 0
1.25176 1.99719 1.99719 2 2 0
1.24482 2.00832 2.00832 2 2 0
1.23798 2.01941 2.01941 2 2 0
1.23125 2.03045 2.03045 2 2 0
1.22462 2.04144 2.04144 2 2 0
1.21809 2.05239 2.05239 2 2 0
1.21166 2.06329 2.06329 2 2 0
1.20532 2.07414 2.07414 2 2 0
1.19907 2.08494 2.08494 2 2 0
1.19292 2.0957 2.0957 2 2 0
1.18685 2.10641 2.10641 2 2 0
1.18088 2.11707 2.11707 2 2 0
1.17498 2.12769 2.12769 2 2 0
1.16918 2.13826 2.13826 2 2 0
1.16345 2.14878 2.14878 2 2 0
1.1578 2.15926 2.15926 2 2 0
1.15224 2.16969 2.16969 2 2 0
1.14675 2.18008 2.18008 2 2 0
1.14134 2.19042 2.19042 2 2 0
1.136 2.20071 2.20071 2 2 0
1.13073 2.21096 2.21096 2 2 0
1.12554 2.22116 2.22116 2 2 0
1.12041 2.23132 2.23132 2 2 0
1.11536 2.24143 2.24143 2 2 0
1.11037 2.2515 2.2515 2 2 0
1.10545 2.26153 2.26153 2 2 0
1.10059 2.27151 2.27151 2 2 0
1.09579 2.28145 2.28145 2 2 0
1.09106 2.29135 2.29135 2 2 0
1.08639 2.3012 2.3012 2 2 0
1.08178 2.31101 2.31101 2 2 0
1.07722 2.32078 2.32078 2 2 0
1.07273 2.33051 2.33051 2 2 0
1.06829 2.34019 2.34019 2 2 0
1.0639 2.34984 2.34984 2 2 0
1.05957 2.35944 2.35944 2 2 0
1.05529 2.36901 2.36901 2 2 0
1.05107 2.37853 2.37853 2 2 0
1.0469 2.38801 2.38801 2 2 0
1.04277 2.39746 2.39746 2 2 0
1.0387 2.40686 2.40686 2 2 0
1.03467 2.41623 2.41623 2 2 0
1.03069 2.42556 2.42556 2 2 0
1.02676 2.43485 2.43485 2 2 0
1.02287 2.4441 2.4441 2 2 0
1.01903 2.45331 2.45331 2 2 0
1.01523 2.46249 2.46249 2 2 0
1.01148 2.47163 2.47163 2 2 0
1.00777 2.48073 2.48073 2 2 0
1.0041 2.4898 2.4898 2 2 0
1.00047 2.49883 2.49883 2 2 0
0.996879 2.50783 2.50783 2 2 0
0.993329 2.51679 2.51679 2 2 0
0.989819 2.52571 2.52571 2 2 0
0.986347 2.53461 2.53461 2 2 0
0.982912 2.54346 2.54346 2 2 0
0.979514 2.55229 2.55229 2 2 0
0.976153 2.56108 2.56108 2 2 0
0.972827 2.56983 2.56983 2 2 0
0.969536 2.57855 2.57855 2 2 0
0.966279 2.58724 2.58724 2 2 0
0.963056 2.5959 2.5959 2 2 0
0.959867 2.60453 2.60453 2 2 0
0.95671 2.61312 2.61312 2 2 0
0.953586 2.62168 2.62168 2 2 0
0.950493 2.63021 2.63021 2 2 0
0.947432 2.63871 2.63871 2 2 0
0.944401 2.64718 2.64718 2 2 0
0.9414 2.65562 2.65562 2 2 0
0.938429 2.66403 2.66403 2 2 0
0.935487 2.6724 2.6724 2 2 0
0.932574 2.68075 2.68075 2 2 0
0.929689 2.68907 2.68907 2 2 0
0.926832 2.69736 2.69736 2 2 0
0.924002 2.70562 2.70562 2 2 0
0.921199 2.71385 2.71385 2 2 0
0.918423 2.72206 2.72206 2 2 0
0.915673 2.73023 2.73023 2 2 0
0.912949 2.73838 2.73838 2 2 0
0.91025 2.7465 2.7465 2 2 0
0.907576 2.75459 2.75459 2 2 0
0.904926 2.76266 2.76266 2 2 0
0.902301 2.77069 2.77069 2 2 0
0.8997 2.7787 2.7787 2 2 0
0.897122 2.78669 2.78669 2 2 0
0.894567 2.79465 2.79465 2 2 0
0.892035 2.80258 2.80258 2 2 0
0.889526 2.81049 2.81049 2 2 0
0.887039 2.81837 2.81837 2 2 0
0.884573 2.82622 2.82622 2 2 0
0.882129 2.83405 2.83405 2 2 0
0.879707 2.84186 2.84186 2 2 0
0.877305 2.84964 2.84964 2 2 0
0.874924 2.85739 2.85739 2 2 0
0.872563 2.86512 2.86512 2 2 0
0.870222 2.87283 2.87283 2 2 0
0.867901 2.88051 2.88051 2 2 0
0.865599 2.88817 2.88817 2 2 0
0.863317 2.89581 2.89581 2 2 0
0.861053 2.90342 2.90342 2 2 0
0.858808 2.91101 2.91101 2 2 0
0.856582 2.91858 2.91858 2 2 0
0.854374 2.92612 2.92612 2 2 0
0.852184 2.93364 2.93364 2 2 0
0.850011 2.94114 2.94114 2 2 0
0.847856 2.94861 2.94861 2 2 0
0.845718 2.95607 2.95607 2 2 0
0.843597 2.9635 2.9635 2 2 0
0.841493 2.97091 2.97091 2 2 0
0.839406 2.9783 2.9783 2 2 0
0.837334 2.98567 2.98567 2 2 0
0.835279 2.99301 2.99301 2 2 0
0.83324 3.00034 3.00034 2 2 0
0.831217 3.00764 3.00764 2 2 0
0.829209 3.01492 3.01492 2 2 0
0.827216 3.02218 3.02218 2 2 0
0.825239 3.02943 3.02943 2 2 0
0.823276 3.03665 3.03665 2 2 0
0.821328 3.04385 3.04385 2 2 0
0.819395 3.05103 3.05103 2 2 0
0.817476 3.05819 3.05819 2 2 0
0.815572 3.06533 3.06533 2 2 0
0.813681 3.07246 3.07246 2 2 0
0.811804 3.07956 3.07956 2 2 0
0.809941 3.08664 3.08664 2 2 0
0.808092 3.09371 3.09371 2 2 0
0.806255 3.10075 3.10075 2 2 0
0.804432 3.10778 3.10778 2 2 0
0.802622 3.11479 3.11479 2 2 0
0.800825 3.12178 3.12178 2 2 0
0.799041 3.12875 3.12875 2 2 0
0.797269 3.1357 3.1357 2 2 0
0.79551 3.14264 3.14264 2 2 0
0.793763 3.14956 3.14956 2 2 0
0.792028 3.15645 3.15645 2 2 0
0.790305 3.16334 3.16334 2 2 0
0.788594 3.1702 3.1702 2 2 0
0.786895 3.17704 3.17704 2 2 0
0.785207 3.18387 3.18387 2 2 0
0.783531 3.19069 3.19069 2 2 0
0.781866 3.19748 3.19748 2 2 0
0.780212 3.20426 3.20426 2 2 0
0.77857 3.21102 3.21102 2 2 0
0.776938 3.21776 3.21776 2 2 0
0.775317 3.22449 3.22449 2 2 0
0.773707 3.2312 3.2312 2 2 0
0.772107 3.23789 3.23789 2 2 0
0.770518 3.24457 3.24457 2 2 0
0.76894 3.25123 3.25123 2 2 0
0.767371 3.25788 3.25788 2 2 0
0.765813 3.2645 3.2645 2 2 0
0.764265 3.27112 3.27112 2 2 0
0.762726 3.27772 3.27772 2 2 0
0.761198 3.2843 3.2843 2 2 0
0.759679 3.29086 3.29086 2 2 0
0.75817 3.29741 3.29741 2 2 0
0.75667 3.30395 3.30395 2 2 0
0.75518 3.31047 3.31047 2 2 0
0.753699 3.31697 3.31697 2 2 0
0.752227 3.32346 3.32346 2 2 0
0.750764 3.32994 3.32994 2 2 0
0.749311 3.3364 3.3364 2 2 0
0.747866 3.34284 3.34284 2 2 0
0.74643 3.34927 3.34927 2 2 0
0.745003 3.35569 3.35569 2 2 0
0.743585 3.36209 3.36209 2 2 0
0.742175 3.36848 3.36848 2 2 0
0.740773 3.37485 3.37485 2 2 0
0.73938 3.38121 3.38121 2 2 0
0.737995 3.38755 3.38755 2 2 0
0.736619 3.39389 3.39389 2 2 0
0.735251 3.4002 3.4002 2 2 0
0.73389 3.4065 3.4065 2 2 0
0.732538 3.41279 3.41279 2 2 0
0.731194 3.41907 3.41907 2 2 0
0.729857 3.42533 3.42533 2 2 0
0.728528 3.43158 3.43158 2 2 0
0.727207 3.43781 3.43781 2 2 0
0.725893 3.44403 3.44403 2 2 0
0.724587 3.45024 3.45024 2 2 0
0.723289 3.45643 3.45643 2 2 0
0.721998 3.46262 3.46262 2 2 0
0.720714 3.46878 3.46878 2 2 0
0.719437 3.47494 3.47494 2 2 0
0.718168 3.48108 3.48108 2 2 0
0.716905 3.48721 3.48721 2 2 0
0.71565 3.49333 3.49333 2 2 0
0.714402 3.49943 3.49943 2 2 0
0.71316 3.50552 3.50552 2 2 0
0.711926 3.5116 3.5116 2 2 0
0.710698 3.51767 3.51767 2 2 0
0.709477 3.52372 3.52372 2 2 0
0.708262 3.52977 3.52977 2 2 0
0.707054 3.5358 3.5358 2 2 0
0.705853 3.54181 3.54181 2 2 0
0.704658 3.54782 3.54782 2 2 0
0.70347 3.55381 3.55381 2 2 0
0.702288 3.55979 3.55979 2 2 0
0.701112 3.56576 3.56576 2 2 0
0.699943 3.57172 3.57172 2 2 0
0.698779 3.57767 3.57767 2 2 0
0.697622 3.5836 3.5836 2 2 0
0.696471 3.58952 3.58952 2 2 0
0.695326 3.59544 3.59544 2 2 0
0.694187 3.60134 3.60134 2 2 0
0.693054 3.60722 3.60722 2 2 0
0.691927 3.6131 3.6131 2 2 0
0.690805 3.61897 3.61897 2 2 0
0.689689 3.62482 3.62482 2 2 0
0.688579 3.63066 3.63066 2 2 0
0.687475 3.6365 3.6365 2 2 0
0.686376 3.64232 3.64232 2 2 0
0.685283 3.64813 3.64813 2 2 0
0.684196 3.65393 3.65393 2 2 0
0.683114 3.65971 3.65971 2 2 0
0.682037 3.66549 3.66549 2 2 0
0.680966 3.67126 3.67126 2 2 0
0.6799 3.67701 3.67701 2 2 0
0.678839 3.68276 3.68276 2 2 0
0.677783 3.68849 3.68849 2 2 0
0.676733 3.69422 3.69422 2 2 0
0.675688 3.69993 3.69993 2 2 0
0.674648 3.70563 3.70563 2 2 0
0.673613 3.71133 3.71133 2 2 0
0.672584 3.71701 3.71701 2 2 0
0.671559 3.72268 3.72268 2 2 0
0.670539 3.72834 3.72834 2 2 0
0.669524 3.734 3.734 2 2 0
0.668514 3.73964 3.73964 2 2 0
0.667509 3.74527 3.74527 2 2 0
0.666508 3.75089 3.75089 2 2 0
0.665512 3.7565 3.7565 2 2 0
0.664521 3.76211 3.76211 2 2 0
0.663535 3.7677 3.7677 2 2 0
0.662553 3.77328 3.77328 2 2 0
0.661576 3.77885 3.77885 2 2 0
0.660604 3.78442 3.78442 2 2 0
0.659636 3.78997 3.78997 2 2 0
0.658673 3.79551 3.79551 2 2 0
0.657714 3.80105 3.80105 2 2 0
0.656759 3.80657 3.80657 2 2 0
0.655809 3.81209 3.81209 2 2 0
0.654863 3.81759 3.81759 2 2 0
0.653922 3.82309 3.82309 2 2 0
0.652984 3.82858 3.82858 2 2 0
0.652052 3.83405 3.83405 2 2 0
0.651123 3.83952 3.83952 2 2 0
0.650198 3.84498 3.84498 2 2 0
0.649278 3.85043 3.85043 2 2 0
0.648362 3.85587 3.85587 2 2 0
0.64745 3.8613 3.8613 2 2 0
0.646542 3.86673 3.86673 2 2 0
0.645638 3.87214 3.87214 2 2 0
0.644738 3.87755 3.87755 2 2 0
0.643842 3.88294 3.88294 2 2 0
0.64295 3.88833 3.88833 2 2 0
0.642062 3.89371 3.89371 2 2 0
0.641177 3.89908 3.89908 2 2 0
0.640297 3.90444 3.90444 2 2 0
0.63942 3.90979 3.90979 2 2 0
0.638548 3.91513 3.91513 2 2 0
0.637679 3.92047 3.92047 2 2 0
0.636813 3.9258 3.9258 2 2 0
0.635952 3.93111 3.93111 2 2 0
0.635094 3.93642 3.93642 2 2 0
0.63424 3.94173 3.94173 2 2 0
0.633389 3.94702 3.94702 2 2 0
0.632543 3.9523 3.9523 2 2 0
0.631699 3.95758 3.95758 2 2 0
0.63086 3.96285 3.96285 2 2 0
0.630023 3.96811 3.96811 2 2 0
0.629191 3.97336 3.97336 2 2 0
0.628362 3.9786 3.9786 2 2 0
0.627536 3.98384 3.98384 2 2 0
0.626714 3.98906 3.98906 2 2 0
0.625895 3.99428 3.99428 2 2 0
0.625079 3.99949 3.99949 2 2 0
0.624267 4.0047 4.0047 2 2 0
0.623458 4.00989 4.00989 2 2 0
0.622653 4.01508 4.01508 2 2 0
0.621851 4.02026 4.02026 2 2 0
0.621052 4.02543 4.02543 2 2 0
0.620256 4.03059 4.03059 2 2 0
0.619464 4.03575 4.03575 2 2 0
0.618675 4.0409 4.0409 2 2 0
0.617889 4.04604 4.04604 2 2 0
0.617106 4.05117 4.05117 2 2 0
0.616326 4.05629 4.05629 2 2 0
0.61555 4.06141 4.06141 2 2 0
0.614776 4.06652 4.06652 2 2 0
0.614006 4.07162 4.07162 2 2 0
0.613238 4.07672 4.07672 2 2 0
0.612474 4.08181 4.08181 2 2 0
0.611713 4.08689 4.08689 2 2 0
0.610955 4.09196 4.09196 2 2 0
0.610199 4.09702 4.09702 2 2 0
0.609447 4.10208 4.10208 2 2 0
0.608698 4.10713 4.10713 2 2 0
0.607951 4.11217 4.11217 2 2 0
0.607207 4.11721 4.11721 2 2 0
0.606467 4.12224 4.12224 2 2 0
0.605729 4.12726 4.12726 2 2 0
0.604994 4.13227 4.13227 2 2 0
0.604262 4.13728 4.13728 2 2 0
0.603532 4.14228 4.14228 2 2 0
0.602806 4.14727 4.14727 2 2 0
0.602082 4.15226 4.15226 2 2 0
0.601361 4.15724 4.15724 2 2 0
0.600643 4.16221 4.16221 2 2 0
0.599927 4.16717 4.16717 2 2 0
0.599214 4.17213 4.17213 2 2 0
0.598504 4.17708 4.17708 2 2 0
0.597796 4.18203 4.18203 2 2 0
0.597091 4.18696 4.18696 2 2 0
0.596389 4.19189 4.19189 2 2 0
0.595689 4.19682 4.19682 2 2 0
0.594992 4.20173 4.20173 2 2 0
0.594298 4.20664 4.20664 2 2 0
0.593606 4.21155 4.21155 2 2 0
0.592917 4.21644 4.21644 2 2 0
0.59223 4.22133 4.22133 2 2 0
0.591546 4.22622 4.22622 2 2 0
0.590864 4.23109 4.23109 2 2 0
0.590184 4.23596 4.23596 2 2 0
0.589508 4.24083 4.24083 2 2 0
0.588833 4.24568 4.24568 2 2 0
0.588161 4.25054 4.25054 2 2 0
0.587492 4.25538 4.25538 2 2 0
0.586825 4.26022 4.26022 2 2 0
0.58616 4.26505 4.26505 2 2 0
0.585498 4.26987 4.26987 2 2 0
0.584838 4.27469 4.27469 2 2 0
0.58418 4.2795 4.2795 2 2 0
0.583525 4.28431 4.28431 2 2 0
0.582872 4.28911 4.28911 2 2 0
0.582221 4.2939 4.2939 2 2 0
0.581573 4.29869 4.29869 2 2 0
0.580927 4.30347 4.30347 2 2 0
0.580283 4.30824 4.30824 2 2 0
0.579641 4.31301 4.31301 2 2 0
0.579002 4.31777 4.31777 2 2 0
0.578365 4.32253 4.32253 2 2 0
0.57773 4.32728 4.32728 2 2 0
0.577098 4.33202 4.33202 2 2 0
0.576467 4.33676 4.33676 2 2 0
0.575839 4.34149 4.34149 2 2 0
0.575213 4.34622 4.34622 2 2 0
0.574589 4.35094 4.35094 2 2 0
0.573967 4.35565 4.35565 2 2 0
0.573348 4.36036 4.36036 2 2 0
0.57273 4.36506 4.36506 2 2 0
0.572115 4.36975 4.36975 2 2 0
0.571501 4.37444 4.37444 2 2 0
0.57089 4.37913 4.37913 2 2 0
0.570281 4.38381 4.38381 2 2 0
0.569674 4.38848 4.38848 2 2 0
0.569068 4.39314 4.39314 2 2 0
0.568465 4.39781 4.39781 2 2 0
0.567864 4.40246 4.40246 2 2 0
0.567265 4.40711 4.40711 2 2 0
0.566668 4.41175 4.41175 2 2 0
0.566073 4.41639 4.41639 2 2 0
0.56548 4.42102 4.42102 2 2 0
0.564889 4.42565 4.42565 2 2 0
0.5643 4.43027 4.43027 2 2 0
0.563713 4.43488 4.43488 2 2 0
0.563127 4.43949 4.43949 2 2 0
0.562544 4.4441 4.4441 2 2 0
0.561962 4.4487 4.4487 2 2 0
0.561383 4.45329 4.45329 2 2 0
0.560805 4.45788 4.45788 2 2 0
0.560229 4.46246 4.46246 2 2 0
0.559656 4.46703 4.46703 2 2 0
0.559083 4.4716 4.4716 2 2 0
0.558513 4.47617 4.47617 2 2 0
0.557945 4.48073 4.48073 2 2 0
0.557378 4.48528 4.48528 2 2 0
0.556814 4.48983 4.48983 2 2 0
0.556251 4.49438 4.49438 2 2 0
0.55569 4.49891 4.49891 2 2 0
0.55513 4.50345 4.50345 2 2 0
0.554573 4.50798 4.50798 2 2 0
0.554017 4.5125 4.5125 2 2 0
0.553463 4.51702 4.51702 2 2 0
0.552911 4.52153 4.52153 2 2 0
0.55236 4.52603 4.52603 2 2 0
0.551811 4.53053 4.53053 2 2 0
0.551264 4.53503 4.53503 2 2 0
0.550719 4.53952 4.53952 2 2 0
0.550175 4.54401 4.54401 2 2 0
0.549633 4.54849 4.54849 2 2 0
0.549093 4.55296 4.55296 2 2 0
0.548554 4.55743 4.55743 2 2 0
0.548017 4.5619 4.5619 2 2 0
0.547482 4.56636 4.56636 2 2 0
0.546948 4.57081 4.57081 2 2 0
0.546416 4.57526 4.57526 2 2 0
0.545886 4.57971 4.57971 2 2 0
0.545357 4.58415 4.58415 2 2 0
0.54483 4.58858 4.58858 2 2 0
0.544305 4.59301 4.59301 2 2 0
0.543781 4.59744 4.59744 2 2 0
0.543259 4.60186 4.60186 2 2 0
0.542738 4.60627 4.60627 2 2 0
0.542219 4.61069 4.61069 2 2 0
0.541701 4.61509 4.61509 2 2 0
0.541185 4.61949 4.61949 2 2 0
0.540671 4.62389 4.62389 2 2 0
0.540158 4.62828 4.62828 2 2 0
0.539646 4.63266 4.63266 2 2 0
0.539137 4.63704 4.63704 2 2 0
0.538628 4.64142 4.64142 2 2 0
0.538121 4.64579 4.64579 2 2 0
0.537616 4.65016 4.65016 2 2 0
0.537112 4.65452 4.65452 2 2 0
0.53661 4.65888 4.65888 2 2 0
0.536109 4.66323 4.66323 2 2 0
0.53561 4.66758 4.66758 2 2 0
0.535112 4.67192 4.67192 2 2 0
0.534615 4.67626 4.67626 2 2 0
0.53412 4.68059 4.68059 2 2 0
0.533627 4.68492 4.68492 2 2 0
0.533135 4.68925 4.68925 2 2 0
0.532644 4.69356 4.69356 2 2 0
0.532155 4.69788 4.69788 2 2 0
0.531667 4.70219 4.70219 2 2 0
0.531181 4.7065 4.7065 2 2 0
0.530696 4.7108 4.7108 2 2 0
0.530212 4.71509 4.71509 2 2 0
0.52973 4.71939 4.71939 2 2 0
0.529249 4.72367 4.72367 2 2 0
0.52877 4.72796 4.72796 2 2 0
0.528292 4.73224 4.73224 2 2 0
0.527815 4.73651 4.73651 2 2 0
0.527339 4.74078 4.74078 2 2 0
0.526865 4.74504 4.74504 2 2 0
0.526393 4.74931 4.74931 2 2 0
0.525921 4.75356 4.75356 2 2 0
0.525451 4.75781 4.75781 2 2 0
0.524983 4.76206 4.76206 2 2 0
0.524515 4.7663 4.7663 2 2 0
0.524049 4.77054 4.77054 2 2 0
0.523585 4.77478 4.77478 2 2 0
0.523121 4.77901 4.77901 2 2 0
0.522659 4.78323 4.78323 2 2 0
0.522198 4.78745 4.78745 2 2 0
0.521739 4.79167 4.79167 2 2 0
0.52128 4.79588 4.79588 2 2 0
0.520823 4.80009 4.80009 2 2 0
0.520368 4.8043 4.8043 2 2 0
0.519913 4.8085 4.8085 2 2 0
0.51946 4.81269 4.81269 2 2 0
0.519008 4.81688 4.81688 2 2 0
0.518557 4.82107 4.82107 2 2 0
0.518107 4.82525 4.82525 2 2 0
0.517659 4.82943 4.82943 2 2 0
0.517212 4.83361 4.83361 2 2 0
0.516766 4.83778 4.83778 2 2 0
0.516322 4.84194 4.84194 2 2 0
0.515878 4.84611 4.84611 2 2 0
0.515436 4.85026 4.85026 2 2 0
0.514995 4.85442 4.85442 2 2 0
0.514555 4.85857 4.85857 2 2 0
0.514116 4.86271 4.86271 2 2 0
0.513679 4.86685 4.86685 2 2 0
0.513242 4.87099 4.87099 2 2 0
0.512807 4.87513 4.87513 2 2 0
0.512373 4.87925 4.87925 2 2 0
0.511941 4.88338 4.88338 2 2 0
0.511509 4.8875 4.8875 2 2 0
0.511078 4.89162 4.89162 2 2 0
0.510649 4.89573 4.89573 2 2 0
0.510221 4.89984 4.89984 2 2 0
0.509794 4.90395 4.90395 2 2 0
0.509368 4.90805 4.90805 2 2 0
0.508943 4.91214 4.91214 2 2 0
0.508519 4.91624 4.91624 2 2 0
0.508096 4.92033 4.92033 2 2 0
0.507675 4.92441 4.92441 2 2 0
0.507254 4.92849 4.92849 2 2 0
0.506835 4.93257 4.93257 2 2 0
0.506417 4.93665 4.93665 2 2 0
0.506 4.94072 4.94072 2 2 0
0.505583 4.94478 4.94478 2 2 0
0.505168 4.94884 4.94884 2 2 0
0.504755 4.9529 4.9529 2 2 0
0.504342 4.95696 4.95696 2 2 0
0.50393 4.96101 4.96101 2 2 0
0.503519 4.96505 4.96505 2 2 0
0.503109 4.9691 4.9691 2 2 0
0.502701 4.97314 4.97314 2 2 0
0.502293 4.97717 4.97717 2 2 0
0.501887 4.9812 4.9812 2 2 0
0.501481 4.98523 4.98523 2 2 0
0.501077 4.98926 4.98926 2 2 0
0.500673 4.99328 4.99328 2 2 0
0.500271 4.99729 4.99729 2 2 0
0.499869 5.00131 5.00131 2 2 0
0.499469 5.00531 5.00531 2 2 0
0.49907 5.00932 5.00932 2 2 0
0.498671 5.01332 5.01332 2 2 0
0.498274 5.01732 5.01732 2 2 0
0.497878 5.02131 5.02131 2 2 0
0.497482 5.02531 5.02531 2 2 0
0.497088 5.02929 5.02929 2 2 0
0.496694 5.03328 5.03328 2 2 0
0.496302 5.03726 5.03726 2 2 0
0.495911 5.04123 5.04123 2 2 0
0.49552 5.0452 5.0452 2 2 0
0.495131 5.04917 5.04917 2 2 0
0.494742 5.05314 5.05314 2 2 0
0.494354 5.0571 5.0571 2 2 0
0.493968 5.06106 5.06106 2 2 0
0.493582 5.06501 5.06501 2 2 0
0.493197 5.06896 5.06896 2 2 0
0.492814 5.07291 5.07291 2 2 0
0.492431 5.07686 5.07686 2 2 0
0.492049 5.0808 5.0808 2 2 0
0.491668 5.08473 5.08473 2 2 0
0.491288 5.08867 5.08867 2 2 0
0.490909 5.0926 5.0926 2 2 0
0.49053 5.09652 5.09652 2 2 0
0.490153 5.10045 5.10045 2 2 0
0.489777 5.10437 5.10437 2 2 0
0.489401 5.10828 5.10828 2 2 0
0.489027 5.11219 5.11219 2 2 0
0.488653 5.1161 5.1161 2 2 0
0.48828 5.12001 5.12001 2 2 0
0.487908 5.12391 5.12391 2 2 0
0.487537 5.12781 5.12781 2 2 0
0.487167 5.13171 5.13171 2 2 0
0.486798 5.1356 5.1356 2 2 0
0.48643 5.13949 5.13949 2 2 0
0.486062 5.14337 5.14337 2 2 0
0.485696 5.14725 5.14725 2 2 0
0.48533 5.15113 5.15113 2 2 0
0.484965 5.15501 5.15501 2 2 0
0.484601 5.15888 5.15888 2 2 0
0.484238 5.16275 5.16275 2 2 0
0.483876 5.16661 5.16661 2 2 0
0.483515 5.17047 5.17047 2 2 0
0.483154 5.17433 5.17433 2 2 0
0.482794 5.17819 5.17819 2 2 0
0.482435 5.18204 5.18204 2 2 0
0.482077 5.18589 5.18589 2 2 0
0.48172 5.18973 5.18973 2 2 0
0.481364 5.19358 5.19358 2 2 0
0.481008 5.19741 5.19741 2 2 0
0.480654 5.20125 5.20125 2 2 0
0.4803 5.20508 5.20508 2 2 0
0.479947 5.20891 5.20891 2 2 0
0.479594 5.21274 5.21274 2 2 0
0.479243 5.21656 5.21656 2 2 0
0.478892 5.22038 5.22038 2 2 0
0.478543 5.22419 5.22419 2 2 0
0.478194 5.22801 5.22801 2 2 0
0.477845 5.23182 5.23182 2 2 0
0.477498 5.23562 5.23562 2 2 0
0.477151 5.23943 5.23943 2 2 0
0.476806 5.24323 5.24323 2 2 0
0.476461 5.24702 5.24702 2 2 0
0.476116 5.25082 5.25082 2 2 0
0.475773 5.25461 5.25461 2 2 0
0.47543 5.2584 5.2584 2 2 0
0.475088 5.26218 5.26218 2 2 0
0.474747 5.26596 5.26596 2 2 0
0.474407 5.26974 5.26974 2 2 0
0.474067 5.27352 5.27352 2 2 0
0.473728 5.27729 5.27729 2 2 0
0.47339 5.28106 5.28106 2 2 0
0.473053 5.28482 5.28482 2 2 0
0.472716 5.28858 5.28858 2 2 0
0.47238 5.29234 5.29234 2 2 0
0.472045 5.2961 5.2961 2 2 0
0.471711 5.29985 5.29985 2 2 0
0.471377 5.3036 5.3036 2 2 0
0.471045 5.30735 5.30735 2 2 0
0.470713 5.3111 5.3111 2 2 0
0.470381 5.31484 5.31484 2 2 0
0.470051 5.31858 5.31858 2 2 0
0.469721 5.32231 5.32231 2 2 0
0.469392 5.32604 5.32604 2 2 0
0.469063 5.32977 5.32977 2 2 0
0.468735 5.3335 5.3335 2 2 0
0.468408 5.33722 5.33722 2 2 0
0.468082 5.34094 5.34094 2 2 0
0.467757 5.34466 5.34466 2 2 0
0.467432 5.34838 5.34838 2 2 0
0.467108 5.35209 5.35209 2 2 0
0.466784 5.3558 5.3558 2 2 0
0.466461 5.3595 5.3595 2 2 0
0.466139 5.3632 5.3632 2 2 0
0.465818 5.3669 5.3669 2 2 0
0.465497 5.3706 5.3706 2 2 0
0.465177 5.37429 5.37429 2 2 0
0.464858 5.37798 5.37798 2 2 0
0.46454 5.38167 5.38167 2 2 0
0.464222 5.38536 5.38536 2 2 0
0.463904 5.38904 5.38904 2 2 0
0.463588 5.39272 5.39272 2 2 0
0.463272 5.3964 5.3964 2 2 0
0.462957 5.40007 5.40007 2 2 0
0.462642 5.40374 5.40374 2 2 0
0.462329 5.40741 5.40741 2 2 0
0.462016 5.41107 5.41107 2 2 0
0.461703 5.41474 5.41474 2 2 0
0.461391 5.4184 5.4184 2 2 0
0.46108 5.42205 5.42205 2 2 0
0.46077 5.42571 5.42571 2 2 0
0.46046 5.42936 5.42936 2 2 0
0.460151 5.433 5.433 2 2 0
0.459842 5.43665 5.43665 2 2 0
0.459534 5.44029 5.44029 2 2 0
0.459227 5.44393 5.44393 2 2 0
0.45892 5.44757 5.44757 2 2 0
0.458614 5.4512 5.4512 2 2 0
0.458309 5.45483 5.45483 2 2 0
0.458004 5.45846 5.45846 2 2 0
0.4577 5.46209 5.46209 2 2 0
0.457397 5.46571 5.46571 2 2 0
0.457094 5.46933 5.46933 2 2 0
0.456792 5.47295 5.47295 2 2 0
0.45649 5.47657 5.47657 2 2 0
0.45619 5.48018 5.48018 2 2 0
0.455889 5.48379 5.48379 2 2 0
0.45559 5.48739 5.48739 2 2 0
0.455291 5.491 5.491 2 2 0
0.454992 5.4946 5.4946 2 2 0
0.454694 5.4982 5.4982 2 2 0
0.454397 5.50179 5.50179 2 2 0
0.454101 5.50539 5.50539 2 2 0
0.453805 5.50898 5.50898 2 2 0
0.453509 5.51257 5.51257 2 2 0
0.453215 5.51615 5.51615 2 2 0
0.45292 5.51973 5.51973 2 2 0
0.452627 5.52331 5.52331 2 2 0
0.452334 5.52689 5.52689 2 2 0
0.452042 5.53046 5.53046 2 2 0
0.45175 5.53404 5.53404 2 2 0
0.451459 5.53761 5.53761 2 2 0
0.451168 5.54117 5.54117 2 2 0
0.450878 5.54474 5.54474 2 2 0
0.450589 5.5483 5.5483 2 2 0
0.4503 5.55186 5.55186 2 2 0
0.450012 5.55541 5.55541 2 2 0
0.449724 5.55897 5.55897 2 2 0
0.449437 5.56252 5.56252 2 2 0
0.44915 5.56607 5.56607 2 2 0
0.448864 5.56961 5.56961 2 2 0
0.448579 5.57316 5.57316 2 2 0
0.448294 5.5767 5.5767 2 2 0
0.44801 5.58023 5.58023 2 2 0
0.447726 5.58377 5.58377 2 2 0
0.447443 5.5873 5.5873 2 2 0
0.44716 5.59083 5.59083 2 2 0
0.446878 5.59436 5.59436 2 2 0
0.446597 5.59789 5.59789 2 2 0
0.446316 5.60141 5.60141 2 2 0
0.446036 5.60493 5.60493 2 2 0
0.445756 5.60845 5.60845 2 2 0
0.445477 5.61196 5.61196 2 2 0
0.445198 5.61548 5.61548 2 2 0
0.44492 5.61899 5.61899 2 2 0
0.444642 5.62249 5.62249 2 2 0
0.444365 5.626 5.626 2 2 0
0.444089 5.6295 5.6295 2 2 0
0.443813 5.633 5.633 2 2 0
0.443538 5.6365 5.6365 2 2 0
0.443263 5.64 5.64 2 2 0
0.442988 5.64349 5.64349 2 2 0
0.442715 5.64698 5.64698 2 2 0
0.442441 5.65047 5.65047 2 2 0
0.442169 5.65395 5.65395 2 2 0
0.441896 5.65744 5.65744 2 2 0
0.441625 5.66092 5.66092 2 2 0
0.441353 5.6644 5.6644 2 2 0
0.441083 5.66787 5.66787 2 2 0
0.440813 5.67134 5.67134 2 2 0
0.440543 5.67482 5.67482 2 2 0
0.440274 5.67828 5.67828 2 2 0
0.440005 5.68175 5.68175 2 2 0
0.439737 5.68521 5.68521 2 2 0
0.43947 5.68867 5.68867 2 2 0
0.439203 5.69213 5.69213 2 2 0
0.438936 5.69559 5.69559 2 2 0
0.43867 5.69904 5.69904 2 2 0
0.438405 5.7025 5.7025 2 2 0
0.43814 5.70594 5.70594 2 2 0
0.437875 5.70939 5.70939 2 2 0
0.437611 5.71284 5.71284 2 2 0
0.437347 5.71628 5.71628 2 2 0
0.437084 5.71972 5.71972 2 2 0
0.436822 5.72316 5.72316 2 2 0
0.43656 5.72659 5.72659 2 2 0
0.436298 5.73002 5.73002 2 2 0
0.436037 5.73345 5.73345 2 2 0
0.435777 5.73688 5.73688 2 2 0
0.435517 5.74031 5.74031 2 2 0
0.435257 5.74373 5.74373 2 2 0
0.434998 5.74715 5.74715 2 2 0
0.434739 5.75057 5.75057 2 2 0
0.434481 5.75399 5.75399 2 2 0
0.434224 5.7574 5.7574 2 2 0
0.433966 5.76081 5.76081 2 2 0
0.43371 5.76422 5.76422 2 2 0
0.433454 5.76763 5.76763 2 2 0
0.433198 5.77104 5.77104 2 2 0
0.432942 5.77444 5.77444 2 2 0
0.432688 5.77784 5.77784 2 2 0
0.432433 5.78124 5.78124 2 2 0
0.432179 5.78463 5.78463 2 2 0
0.431926 5.78803 5.78803 2 2 0
0.431673 5.79142 5.79142 2 2 0
0.431421 5.79481 5.79481 2 2 0
0.431169 5.79819 5.79819 2 2 0
0.430917 5.80158 5.80158 2 2 0
0.430666 5.80496 5.80496 2 2 0
0.430415 5.80834 5.80834 2 2 0
0.430165 5.81172 5.81172 2 2 0
0.429916 5.8151 5.8151 2 2 0
0.429666 5.81847 5.81847 2 2 0
0.429418 5.82184 5.82184 2 2 0
0.429169 5.82521 5.82521 2 2 0
0.428921 5.82858 5.82858 2 2 0
0.428674 5.83194 5.83194 2 2 0
0.428427 5.8353 5.8353 2 2 0
0.42818 5.83866 5.83866 2 2 0
0.427934 5.84202 5.84202 2 2 0
0.427688 5.84538 5.84538 2 2 0
0.427443 5.84873 5.84873 2 2 0
0.427198 5.85208 5.85208 2 2 0
0.426954 5.85543 5.85543 2 2 0
0.42671 5.85878 5.85878 2 2 0
0.426467 5.86212 5.86212 2 2 0
0.426224 5.86547 5.86547 2 2 0
0.425981 5.86881 5.86881 2 2 0
0.425739 5.87214 5.87214 2 2 0
0.425497 5.87548 5.87548 2 2 0
0.425256 5.87881 5.87881 2 2 0
0.425015 5.88215 5.88215 2 2 0
0.424774 5.88548 5.88548 2 2 0
0.424534 5.8888 5.8888 2 2 0
0.424295 5.89213 5.89213 2 2 0
0.424056 5.89545 5.89545 2 2 0
0.423817 5.89877 5.89877 2 2 0
0.423579 5.90209 5.90209 2 2 0
0.423341 5.90541 5.90541 2 2 0
0.423103 5.90872 5.90872 2 2 0
0.422866 5.91204 5.91204 2 2 0
0.422629 5.91535 5.91535 2 2 0
0.422393 5.91866 5.91866 2 2 0
0.422157 5.92196 5.92196 2 2 0
0.421922 5.92527 5.92527 2 2 0
0.421687 5.92857 5.92857 2 2 0
0.421452 5.93187 5.93187 2 2 0
0.421218 5.93517 5.93517 2 2 0
0.420984 5.93846 5.93846 2 2 0
0.420751 5.94176 5.94176 2 2 0
0.420518 5.94505 5.94505 2 2 0
0.420285 5.94834 5.94834 2 2 0
0.420053 5.95163 5.95163 2 2 0
0.419821 5.95491 5.95491 2 2 0
0.41959 5.9582 5.9582 2 2 0
0.419359 5.96148 5.96148 2 2 0
0.419128 5.96476 5.96476 2 2 0
0.418898 5.96804 5.96804 2 2 0
0.418668 5.97131 5.97131 2 2 0
0.418439 5.97458 5.97458 2 2 0
0.41821 5.97786 5.97786 2 2 0
0.417982 5.98113 5.98113 2 2 0
0.417753 5.98439 5.98439 2 2 0
0.417525 5.98766 5.98766 2 2 0
0.417298 5.99092 5.99092 2 2 0
0.417071 5.99418 5.99418 2 2 0
0.416844 5.99744 5.99744 2 2 0
0.416618 6.0007 6.0007 2 2 0
0.416392 6.00395 6.00395 2 2 0
0.416167 6.00721 6.00721 2 2 0
0.415942 6.01046 6.01046 2 2 0
0.415717 6.01371 6.01371 2 2 0
0.415492 6.01696 6.01696 2 2 0
0.415269 6.0202 6.0202 2 2 0
0.415045 6.02344 6.02344 2 2 0
0.414822 6.02669 6.02669 2 2 0
0.414599 6.02993 6.02993 2 2 0
0.414376 6.03316 6.03316 2 2 0
0.414154 6.0364 6.0364 2 2 0
0.413933 6.03963 6.03963 2 2 0
0.413711 6.04286 6.04286 2 2 0
0.41349 6.04609 6.04609 2 2 0
0.41327 6.04932 6.04932 2 2 0
0.413049 6.05255 6.05255 2 2 0
0.412829 6.05577 6.05577 2 2 0
0.41261 6.05899 6.05899 2 2 0
0.412391 6.06221 6.06221 2 2 0
0.412172 6.06543 6.06543 2 2 0
0.411954 6.06864 6.06864 2 2 0
0.411736 6.07186 6.07186 2 2 0
0.411518 6.07507 6.07507 2 2 0
0.4113 6.07828 6.07828 2 2 0
0.411083 6.08149 6.08149 2 2 0
0.410867 6.0847 6.0847 2 2 0
0.410651 6.0879 6.0879 2 2 0
0.410435 6.0911 6.0911 2 2 0
0.410219 6.0943 6.0943 2 2 0
0.410004 6.0975 6.0975 2 2 0
0.409789 6.1007 6.1007 2 2 0
0.409575 6.10389 6.10389 2 2 0
0.40936 6.10709 6.10709 2 2 0
0.409147 6.11028 6.11028 2 2 0
0.408933 6.11347 6.11347 2 2 0
0.40872 6.11665 6.11665 2 2 0
0.408507 6.11984 6.11984 2 2 0
0.408295 6.12302 6.12302 2 2 0
0.408083 6.12621 6.12621 2 2 0
0.407871 6.12939 6.12939 2 2 0
0.40766 6.13256 6.13256 2 2 0
0.407449 6.13574 6.13574 2 2 0
0.407238 6.13891 6.13891 2 2 0
0.407028 6.14209 6.14209 2 2 0
0.406818 6.14526 6.14526 2 2 0
0.406608 6.14843 6.14843 2 2 0
0.406399 6.15159 6.15159 2 2 0
0.40619 6.15476 6.15476 2 2 0
0.405981 6.15792 6.15792 2 2 0
0.405773 6.16108 6.16108 2 2 0
0.405565 6.16424 6.16424 2 2 0
0.405357 6.1674 6.1674 2 2 0
0.40515 6.17056 6.17056 2 2 0
0.404943 6.17371 6.17371 2 2 0
0.404736 6.17686 6.17686 2 2 0
0.40453 6.18001 6.18001 2 2 0
0.404324 6.18316 6.18316 2 2 0
0.404118 6.18631 6.18631 2 2 0
0.403913 6.18945 6.18945 2 2 0
0.403708 6.1926 6.1926 2 2 0
0.403503 6.19574 6.19574 2 2 0
0.403299 6.19888 6.19888 2 2 0
0.403095 6.20201 6.20201 2 2 0
0.402891 6.20515 6.20515 2 2 0
0.402688 6.20828 6.20828 2 2 0
0.402485 6.21142 6.21142 2 2 0
0.402282 6.21455 6.21455 2 2 0
0.402079 6.21768 6.21768 2 2 0
0.401877 6.2208 6.2208 2 2 0
0.401676 6.22393 6.22393 2 2 0
0.401474 6.22705 6.22705 2 2 0
0.401273 6.23017 6.23017 2 2 0
0.401072 6.23329 6.23329 2 2 0
0.400871 6.23641 6.23641 2 2 0
0.400671 6.23953 6.23953 2 2 0
0.400471 6.24264 6.24264 2 2 0
0.400272 6.24576 6.24576 2 2 0
0.400072 6.24887 6.24887 2 2 0
0.399873 6.25198 6.25198 2 2 0
0.399675 6.25509 6.25509 2 2 0
0.399476 6.25819 6.25819 2 2 0
0.399278 6.2613 6.2613 2 2 0
0.399081 6.2644 6.2644 2 2 0
0.398883 6.2675 6.2675 2 2 0
0.398686 6.2706 6.2706 2 2 0
0.398489 6.2737 6.2737 2 2 0
0.398293 6.27679 6.27679 2 2 0
0.398096 6.27988 6.27988 2 2 0
0.397901 6.28298 6.28298 2 2 0
0.397705 6.28607 6.28607 2 2 0
0.39751 6.28916 6.28916 2 2 0
0.397315 6.29224 6.29224 2 2 0
0.39712 6.29533 6.29533 2 2 0
0.396925 6.29841 6.29841 2 2 0
0.396731 6.30149 6.30149 2 2 0
0.396538 6.30457 6.30457 2 2 0
0.396344 6.30765 6.30765 2 2 0
0.396151 6.31073 6.31073 2 2 0
0.395958 6.3138 6.3138 2 2 0
0.395765 6.31688 6.31688 2 2 0
0.395573 6.31995 6.31995 2 2 0
0.395381 6.32302 6.32302 2 2 0
0.395189 6.32609 6.32609 2 2 0
0.394997 6.32915 6.32915 2 2 0
0.394806 6.33222 6.33222 2 2 0
0.394615 6.33528 6.33528 2 2 0
0.394425 6.33834 6.33834 2 2 0
0.394234 6.3414 6.3414 2 2 0
0.394044 6.34446 6.34446 2 2 0
0.393855 6.34752 6.34752 2 2 0
0.393665 6.35057 6.35057 2 2 0
0.393476 6.35363 6.35363 2 2 0
0.393287 6.35668 6.35668 2 2 0
0.393098 6.35973 6.35973 2 2 0
0.39291 6.36278 6.36278 2 2 0
0.392722 6.36582 6.36582 2 2 0
0.392534 6.36887 6.36887 2 2 0
0.392347 6.37191 6.37191 2 2 0
0.39216 6.37496 6.37496 2 2 0
0.391973 6.378 6.378 2 2 0
0.391786 6.38103 6.38103 2 2 0
0.3916 6.38407 6.38407 2 2 0
0.391414 6.38711 6.38711 2 2 0
0.391228 6.39014 6.39014 2 2 0
0.391042 6.39317 6.39317 2 2 0
0.390857 6.3962 6.3962 2 2 0
0.390672 6.39923 6.39923 2 2 0
0.390487 6.40226 6.40226 2 2 0
0.390303 6.40528 6.40528 2 2 0
0.390119 6.40831 6.40831 2 2 0
0.389935 6.41133 6.41133 2 2 0
0.389751 6.41435 6.41435 2 2 0
0.389568 6.41737 6.41737 2 2 0
0.389385 6.42039 6.42039 2 2 0
0.389202 6.4234 6.4234 2 2 0
0.389019 6.42642 6.42642 2 2 0
0.388837 6.42943 6.42943 2 2 0
0.388655 6.43244 6.43244 2 2 0
0.388473 6.43545 6.43545 2 2 0
0.388292 6.43846 6.43846 2 2 0
0.38811 6.44147 6.44147 2 2 0
0.387929 6.44447 6.44447 2 2 0
0.387749 6.44748 6.44748 2 2 0
0.387568 6.45048 6.45048 2 2 0
0.387388 6.45348 6.45348 2 2 0
0.387208 6.45648 6.45648 2 2 0
0.387028 6.45947 6.45947 2 2 0
0.386849 6.46247 6.46247 2 2 0
0.38667 6.46546 6.46546 2 2 0
0.386491 6.46845 6.46845 2 2 0
0.386312 6.47145 6.47145 2 2 0
0.386134 6.47443 6.47443 2 2 0
0.385956 6.47742 6.47742 2 2 0
0.385778 6.48041 6.48041 2 2 0
0.385601 6.48339 6.48339 2 2 0
0.385423 6.48638 6.48638 2 2 0
0.385246 6.48936 6.48936 2 2 0
0.385069 6.49234 6.49234 2 2 0
0.384893 6.49532 6.49532 2 2 0
0.384716 6.49829 6.49829 2 2 0
0.38454 6.50127 6.50127 2 2 0
0.384365 6.50424 6.50424 2 2 0
0.384189 6.50721 6.50721 2 2 0
0.384014 6.51019 6.51019 2 2 0
0.383839 6.51315 6.51315 2 2 0
0.383664 6.51612 6.51612 2 2 0
0.383489 6.51909 6.51909 2 2 0
0.383315 6.52205 6.52205 2 2 0
0.383141 6.52502 6.52502 2 2 0
0.382967 6.52798 6.52798 2 2 0
0.382793 6.53094 6.53094 2 2 0
0.38262 6.5339 6.5339 2 2 0
0.382447 6.53685 6.53685 2 2 0
0.382274 6.53981 6.53981 2 2 0
0.382102 6.54276 6.54276 2 2 0
0.381929 6.54572 6.54572 2 2 0
0.381757 6.54867 6.54867 2 2 0
0.381585 6.55162 6.55162 2 2 0
0.381414 6.55457 6.55457 2 2 0
0.381242 6.55751 6.55751 2 2 0
0.381071 6.56046 6.56046 2 2 0
0.3809 6.5634 6.5634 2 2 0
0.380729 6.56634 6.56634 2 2 0
0.380559 6.56928 6.56928 2 2 0
0.380389 6.57222 6.57222 2 2 0
0.380219 6.57516 6.57516 2 2 0
0.380049 6.5781 6.5781 2 2 0
0.37988 6.58103 6.58103 2 2 0
0.37971 6.58397 6.58397 2 2 0
0.379541 6.5869 6.5869 2 2 0
0.379373 6.58983 6.58983 2 2 0
0.379204 6.59276 6.59276 2 2 0
0.379036 6.59568 6.59568 2 2 0
0.378868 6.59861 6.59861 2 2 0
0.3787 6.60153 6.60153 2 2 0
0.378532 6.60446 6.60446 2 2 0
0.378365 6.60738 6.60738 2 2 0
0.378198 6.6103 6.6103 2 2 0
0.378031 6.61322 6.61322 2 2 0
0.377864 6.61614 6.61614 2 2 0
0.377698 6.61905 6.61905 2 2 0
0.377531 6.62197 6.62197 2 2 0
0.377365 6.62488 6.62488 2 2 0
0.3772 6.62779 6.62779 2 2 0
0.377034 6.6307 6.6307 2 2 0
0.376869 6.63361 6.63361 2 2 0
0.376704 6.63652 6.63652 2 2 0
0.376539 6.63942 6.63942 2 2 0
0.376374 6.64233 6.64233 2 2 0
0.37621 6.64523 6.64523 2 2 0
0.376045 6.64813 6.64813 2 2 0
0.375881 6.65103 6.65103 2 2 0
0.375718 6.65393 6.65393 2 2 0
0.375554 6.65683 6.65683 2 2 0
0.375391 6.65972 6.65972 2 2 0
0.375228 6.66262 6.66262 2 2 0
0.375065 6.66551 6.66551 2 2 0
0.374902 6.6684 6.6684 2 2 0
0.37474 6.67129 6.67129 2 2 0
0.374578 6.67418 6.67418 2 2 0
0.374416 6.67707 6.67707 2 2 0
0.374254 6.67996 6.67996 2 2 0
0.374092 6.68284 6.68284 2 2 0
0.373931 6.68572 6.68572 2 2 0
0.37377 6.68861 6.68861 2 2 0
0.373609 6.69149 6.69149 2 2 0
0.373448 6.69437 6.69437 2 2 0
0.373288 6.69724 6.69724 2 2 0
0.373128 6.70012 6.70012 2 2 0
0.372968 6.70299 6.70299 2 2 0
0.372808 6.70587 6.70587 2 2 0
0.372648 6.70874 6.70874 2 2 0
0.372489 6.71161 6.71161 2 2 0
0.37233 6.71448 6.71448 2 2 0
0.372171 6.71735 6.71735 2 2 0
0.372012 6.72022 6.72022 2 2 0
0.371853 6.72308 6.72308 2 2 0
0.371695 6.72594 6.72594 2 2 0
0.371537 6.72881 6.72881 2 2 0
0.371379 6.73167 6.73167 2 2 0
0.371221 6.73453 6.73453 2 2 0
0.371064 6.73739 6.73739 2 2 0
0.370906 6.74024 6.74024 2 2 0
0.370749 6.7431 6.7431 2 2 0
0.370592 6.74595 6.74595 2 2 0
0.370436 6.74881 6.74881 2 2 0
0.370279 6.75166 6.75166 2 2 0
0.370123 6.75451 6.75451 2 2 0
0.369967 6.75736 6.75736 2 2 0
0.369811 6.76021 6.76021 2 2 0
0.369656 6.76305 6.76305 2 2 0
0.3695 6.7659 6.7659 2 2 0
0.369345 6.76874 6.76874 2 2 0
0.36919 6.77158 6.77158 2 2 0
0.369035 6.77442 6.77442 2 2 0
0.36888 6.77726 6.77726 2 2 0
0.368726 6.7801 6.7801 2 2 0
0.368572 6.78294 6.78294 2 2 0
0.368418 6.78577 6.78577 2 2 0
0.368264 6.78861 6.78861 2 2 0
0.36811 6.79144 6.79144 2 2 0
0.367957 6.79427 6.79427 2 2 0
0.367804 6.7971 6.7971 2 2 0
0.367651 6.79993 6.79993 2 2 0
0.367498 6.80276 6.80276 2 2 0
0.367345 6.80559 6.80559 2 2 0
0.367193 6.80841 6.80841 2 2 0
0.367041 6.81124 6.81124 2 2 0
0.366889 6.81406 6.81406 2 2 0
0.366737 6.81688 6.81688 2 2 0
0.366585 6.8197 6.8197 2 2 0
0.366434 6.82252 6.82252 2 2 0
0.366282 6.82534 6.82534 2 2 0
0.366131 6.82815 6.82815 2 2 0
0.36598 6.83097 6.83097 2 2 0
0.36583 6.83378 6.83378 2 2 0
0.365679 6.83659 6.83659 2 2 0
0.365529 6.8394 6.8394 2 2 0
0.365379 6.84221 6.84221 2 2 0
0.365229 6.84502 6.84502 2 2 0
0.365079 6.84783 6.84783 2 2 0
0.36493 6.85063 6.85063 2 2 0
0.36478 6.85344 6.85344 2 2 0
0.364631 6.85624 6.85624 2 2 0
0.364482 6.85904 6.85904 2 2 0
0.364334 6.86184 6.86184 2 2 0
0.364185 6.86464 6.86464 2 2 0
0.364037 6.86744 6.86744 2 2 0
0.363889 6.87024 6.87024 2 2 0
0.363741 6.87303 6.87303 2 2 0
0.363593 6.87583 6.87583 2 2 0
0.363445 6.87862 6.87862 2 2 0
0.363298 6.88141 6.88141 2 2 0
0.36315 6.8842 6.8842 2 2 0
0.363003 6.88699 6.88699 2 2 0
0.362856 6.88978 6.88978 2 2 0
0.36271 6.89256 6.89256 2 2 0
0.362563 6.89535 6.89535 2 2 0
0.362417 6.89813 6.89813 2 2 0
0.362271 6.90092 6.90092 2 2 0
0.362125 6.9037 6.9037 2 2 0
0.361979 6.90648 6.90648 2 2 0
0.361833 6.90926 6.90926 2 2 0
0.361688 6.91203 6.91203 2 2 0
0.361543 6.91481 6.91481 2 2 0
0.361398 6.91759 6.91759 2 2 0
0.361253 6.92036 6.92036 2 2 0
0.361108 6.92313 6.92313 2 2 0
0.360964 6.9259 6.9259 2 2 0
0.360819 6.92867 6.92867 2 2 0
0.360675 6.93144 6.93144 2 2 0
0.360531 6.93421 6.93421 2 2 0
0.360388 6.93698 6.93698 2 2 0
0.360244 6.93974 6.93974 2 2 0
0.3601 6.94251 6.94251 2 2 0
0.359957 6.94527 6.94527 2 2 0
0.359814 6.94803 6.94803 2 2 0
0.359671 6.95079 6.95079 2 2 0
0.359529 6.95355 6.95355 2 2 0
0.359386 6.95631 6.95631 2 2 0
0.359244 6.95907 6.95907 2 2 0
0.359101 6.96182 6.96182 2 2 0
0.358959 6.96457 6.96457 2 2 0
0.358818 6.96733 6.96733 2 2 0
0.358676 6.97008 6.97008 2 2 0
0.358534 6.97283 6.97283 2 2 0
0.358393 6.97558 6.97558 2 2 0
0.358252 6.97833 6.97833 2 2 0
0.358111 6.98108 6.98108 2 2 0
0.35797 6.98382 6.98382 2 2 0
0.35783 6.98657 6.98657 2 2 0
0.357689 6.98931 6.98931 2 2 0
0.357549 6.99205 6.99205 2 2 0
0.357409 6.99479 6.99479 2 2 0
0.357269 6.99753 6.99753 2 2 0
0.357129 7.00027 7.00027 2 2 0
0.356989 7.00301 7.00301 2 2 0
0.35685 7.00574 7.00574 2 2 0
0.356711 7.00848 7.00848 2 2 0
0.356572 7.01121 7.01121 2 2 0
0.356433 7.01395 7.01395 2 2 0
0.356294 7.01668 7.01668 2 2 0
0.356155 7.01941 7.01941 2 2 0
0.356017 7.02214 7.02214 2 2 0
0.355879 7.02486 7.02486 2 2 0
0.355741 7.02759 7.02759 2 2 0
0.355603 7.03032 7.03032 2 2 0
0.355465 7.03304 7.03304 2 2 0
0.355327 7.03576 7.03576 2 2 0
0.35519 7.03849 7.03849 2 2 0
0.355053 7.04121 7.04121 2 2 0
0.354916 7.04393 7.04393 2 2 0
0.354779 7.04665 7.04665 2 2 0
0.354642 7.04936 7.04936 2 2 0
0.354505 7.05208 7.05208 2 2 0
0.354369 7.05479 7.05479 2 2 0
0.354233 7.05751 7.05751 2 2 0
0.354097 7.06022 7.06022 2 2 0
0.353961 7.06293 7.06293 2 2 0
0.353825 7.06564 7.06564 2 2 0
0.353689 7.06835 7.06835 2 2 0
0.353554 7.07106 7.07106 2 2 0
0.353419 7.07377 7.07377 2 2 0
0.353283 7.07647 7.07647 2 2 0
0.353148 7.07918 7.07918 2 2 0
0.353014 7.08188 7.08188 2 2 0
0.352879 7.08458 7.08458 2 2 0
0.352744 7.08728 7.08728 2 2 0
0.35261 7.08998 7.08998 2 2 0
0.352476 7.09268 7.09268 2 2 0
0.352342 7.09538 7.09538 2 2 0
0.352208 7.09808 7.09808 2 2 0
0.352074 7.10077 7.10077 2 2 0
0.351941 7.10347 7.10347 2 2 0
0.351807 7.10616 7.10616 2 2 0
0.351674 7.10885 7.10885 2 2 0
0.351541 7.11154 7.11154 2 2 0
0.351408 7.11423 7.11423 2 2 0
0.351276 7.11692 7.11692 2 2 0
0.351143 7.11961 7.11961 2 2 0
0.351011 7.12229 7.12229 2 2 0
0.350878 7.12498 7.12498 2 2 0
0.350746 7.12766 7.12766 2 2 0
0.350614 7.13035 7.13035 2 2 0
0.350482 7.13303 7.13303 2 2 0
0.350351 7.13571 7.13571 2 2 0
0.350219 7.13839 7.13839 2 2 0
0.350088 7.14107 7.14107 2 2 0
0.349957 7.14374 7.14374 2 2 0
0.349826 7.14642 7.14642 2 2 0
0.349695 7.14909 7.14909 2 2 0
0.349564 7.15177 7.15177 2 2 0
0.349433 7.15444 7.15444 2 2 0
0.349303 7.15711 7.15711 2 2 0
0.349173 7.15978 7.15978 2 2 0
0.349042 7.16245 7.16245 2 2 0
0.348912 7.16512 7.16512 2 2 0
0.348783 7.16779 7.16779 2 2 0
0.348653 7.17046 7.17046 2 2 0
0.348523 7.17312 7.17312 2 2 0
0.348394 7.17578 7.17578 2 2 0
0.348265 7.17845 7.17845 2 2 0
0.348136 7.18111 7.18111 2 2 0
0.348007 7.18377 7.18377 2 2 0
0.347878 7.18643 7.18643 2 2 0
0.347749 7.18909 7.18909 2 2 0
0.347621 7.19174 7.19174 2 2 0
0.347492 7.1944 7.1944 2 2 0
0.347364 7.19706 7.19706 2 2 0
0.347236 7.19971 7.19971 2 2 0
0.347108 7.20236 7.20236 2 2 0
0.346981 7.20502 7.20502 2 2 0
0.346853 7.20767 7.20767 2 2 0
0.346725 7.21032 7.21032 2 2 0
0.346598 7.21296 7.21296 2 2 0
0.346471 7.21561 7.21561 2 2 0
0.346344 7.21826 7.21826 2 2 0
0.346217 7.2209 7.2209 2 2 0
0.34609 7.22355 7.22355 2 2 0
0.345964 7.22619 7.22619 2 2 0
0.345837 7.22883 7.22883 2 2 0
0.345711 7.23148 7.23148 2 2 0
0.345585 7.23412 7.23412 2 2 0
0.345459 7.23675 7.23675 2 2 0
0.345333 7.23939 7.23939 2 2 0
0.345207 7.24203 7.24203 2 2 0
0.345082 7.24466 7.24466 2 2 0
0.344956 7.2473 7.2473 2 2 0
0.344831 7.24993 7.24993 2 2 0
0.344706 7.25257 7.25257 2 2 0
0.344581 7.2552 7.2552 2 2 0
0.344456 7.25783 7.25783 2 2 0
0.344331 7.26046 7.26046 2 2 0
0.344206 7.26309 7.26309 2 2 0
0.344082 7.26571 7.26571 2 2 0
0.343958 7.26834 7.26834 2 2 0
0.343833 7.27096 7.27096 2 2 0
0.343709 7.27359 7.27359 2 2 0
0.343585 7.27621 7.27621 2 2 0
0.343462 7.27883 7.27883 2 2 0
0.343338 7.28145 7.28145 2 2 0
0.343215 7.28407 7.28407 2 2 0
0.343091 7.28669 7.28669 2 2 0
0.342968 7.28931 7.28931 2 2 0
0.342845 7.29193 7.29193 2 2 0
0.342722 7.29454 7.29454 2 2 0
0.342599 7.29716 7.29716 2 2 0
0.342476 7.29977 7.29977 2 2 0
0.342354 7.30238 7.30238 2 2 0
0.342232 7.305 7.305 2 2 0
0.342109 7.30761 7.30761 2 2 0
0.341987 7.31022 7.31022 2 2 0
0.341865 7.31282 7.31282 2 2 0
0.341743 7.31543 7.31543 2 2 0
0.341622 7.31804 7.31804 2 2 0
0.3415 7.32064 7.32064 2 2 0
0.341379 7.32325 7.32325 2 2 0
0.341257 7.32585 7.32585 2 2 0
0.341136 7.32845 7.32845 2 2 0
0.341015 7.33105 7.33105 2 2 0
0.340894 7.33365 7.33365 2 2 0
0.340773 7.33625 7.33625 2 2 0
0.340653 7.33885 7.33885 2 2 0
0.340532 7.34145 7.34145 2 2 0
0.340412 7.34404 7.34404 2 2 0
0.340292 7.34664 7.34664 2 2 0
0.340172 7.34923 7.34923 2 2 0
0.340052 7.35183 7.35183 2 2 0
0.339932 7.35442 7.35442 2 2 0
0.339812 7.35701 7.35701 2 2 0
0.339692 7.3596 7.3596 2 2 0
0.339573 7.36219 7.36219 2 2 0
0.339454 7.36478 7.36478 2 2 0
0.339334 7.36736 7.36736 2 2 0
0.339215 7.36995 7.36995 2 2 0
0.339096 7.37254 7.37254 2 2 0
0.338978 7.37512 7.37512 2 2 0
0.338859 7.3777 7.3777 2 2 0
0.33874 7.38028 7.38028 2 2 0
0.338622 7.38286 7.38286 2 2 0
0.338504 7.38544 7.38544 2 2 0
0.338385 7.38802 7.38802 2 2 0
0.338267 7.3906 7.3906 2 2 0
0.33815 7.39318 7.39318 2 2 0
0.338032 7.39575 7.39575 2 2 0
0.337914 7.39833 7.39833 2 2 0
0.337797 7.4009 7.4009 2 2 0
0.337679 7.40348 7.40348 2 2 0
0.337562 7.40605 7.40605 2 2 0
0.337445 7.40862 7.40862 2 2 0
0.337328 7.41119 7.41119 2 2 0
0.337211 7.41376 7.41376 2 2 0
0.337094 7.41633 7.41633 2 2 0
0.336977 7.41889 7.41889 2 2 0
0.336861 7.42146 7.42146 2 2 0
0.336745 7.42402 7.42402 2 2 0
0.336628 7.42659 7.42659 2 2 0
0.336512 7.42915 7.42915 2 2 0
0.336396 7.43171 7.43171 2 2 0
0.33628 7.43427 7.43427 2 2 0
0.336165 7.43683 7.43683 2 2 0
0.336049 7.43939 7.43939 2 2 0
0.335933 7.44195 7.44195 2 2 0
0.335818 7.44451 7.44451 2 2 0
0.335703 7.44707 7.44707 2 2 0
0.335588 7.44962 7.44962 2 2 0
0.335473 7.45217 7.45217 2 2 0
0.335358 7.45473 7.45473 2 2 0
0.335243 7.45728 7.45728 2 2 0
0.335128 7.45983 7.45983 2 2 0
0.335014 7.46238 7.46238 2 2 0
0.334899 7.46493 7.46493 2 2 0
0.334785 7.46748 7.46748 2 2 0
0.334671 7.47003 7.47003 2 2 0
0.334557 7.47257 7.47257 2 2 0
0.334443 7.47512 7.47512 2 2 0
0.334329 7.47766 7.47766 2 2 0
0.334215 7.48021 7.48021 2 2 0
0.334102 7.48275 7.48275 2 2 0
0.333988 7.48529 7.48529 2 2 0
0.333875 7.48783 7.48783 2 2 0
0.333762 7.49037 7.49037 2 2 0
0.333649 7.49291 7.49291 2 2 0
0.333536 7.49545 7.49545 2 2 0
0.333423 7.49799 7.49799 2 2 0
0.33331 7.50052 7.50052 2 2 0
0.333197 7.50306 7.50306 2 2 0
0.333085 7.50559 7.50559 2 2 0
0.332973 7.50813 7.50813 2 2 0
0.33286 7.51066 7.51066 2 2 0
0.332748 7.51319 7.51319 2 2 0
0.332636 7.51572 7.51572 2 2 0
0.332524 7.51825 7.51825 2 2 0
0.332412 7.52078 7.52078 2 2 0
0.332301 7.5233 7.5233 2 2 0
0.332189 7.52583 7.52583 2 2 0
0.332078 7.52836 7.52836 2 2 0
0.331966 7.53088 7.53088 2 2 0
0.331855 7.5334 7.5334 2 2 0
0.331744 7.53593 7.53593 2 2 0
0.331633 7.53845 7.53845 2 2 0
0.331522 7.54097 7.54097 2 2 0
0.331412 7.54349 7.54349 2 2 0
0.331301 7.54601 7.54601 2 2 0
0.33119 7.54853 7.54853 2 2 0
0.33108 7.55104 7.55104 2 2 0
0.33097 7.55356 7.55356 2 2 0
0.33086 7.55608 7.55608 2 2 0
0.33075 7.55859 7.55859 2 2 0
0.33064 7.5611 7.5611 2 2 0
0.33053 7.56362 7.56362 2 2 0
0.33042 7.56613 7.56613 2 2 0
0.33031 7.56864 7.56864 2 2 0
0.330201 7.57115 7.57115 2 2 0
0.330092 7.57366 7.57366 2 2 0
0.329982 7.57617 7.57617 2 2 0
0.329873 7.57867 7.57867 2 2 0
0.329764 7.58118 7.58118 2 2 0
0.329655 7.58368 7.58368 2 2 0
0.329546 7.58619 7.58619 2 2 0
0.329438 7.58869 7.58869 2 2 0
0.329329 7.59119 7.59119 2 2 0
0.32922 7.59369 7.59369 2 2 0
0.329112 7.5962 7.5962 2 2 0
0.329004 7.5987 7.5987 2 2 0
0.328896 7.60119 7.60119 2 2 0
0.328788 7.60369 7.60369 2 2 0
0.32868 7.60619 7.60619 2 2 0
0.328572 7.60868 7.60868 2 2 0
0.328464 7.61118 7.61118 2 2 0
0.328357 7.61367 7.61367 2 2 0
0.328249 7.61617 7.61617 2 2 0
0.328142 7.61866 7.61866 2 2 0
0.328034 7.62115 7.62115 2 2 0
0.327927 7.62364 7.62364 2 2 0
0.32782 7.62613 7.62613 2 2 0
0.327713 7.62862 7.62862 2 2 0
0.327606 7.63111 7.63111 2 2 0
0.3275 7.6336 7.6336 2 2 0
0.327393 7.63608 7.63608 2 2 0
0.327287 7.63857 7.63857 2 2 0
0.32718 7.64105 7.64105 2 2 0
0.327074 7.64353 7.64353 2 2 0
0.326968 7.64602 7.64602 2 2 0
0.326862 7.6485 7.6485 2 2 0
0.326756 7.65098 7.65098 2 2 0
0.32665 7.65346 7.65346 2 2 0
0.326544 7.65594 7.65594 2 2 0
0.326438 7.65842 7.65842 2 2 0
0.326333 7.66089 7.66089 2 2 0
0.326227 7.66337 7.66337 2 2 0
0.326122 7.66585 7.66585 2 2 0
0.326017 7.66832 7.66832 2 2 0
0.325912 7.67079 7.67079 2 2 0
0.325806 7.67327 7.67327 2 2 0
0.325702 7.67574 7.67574 2 2 0
0.325597 7.67821 7.67821 2 2 0
0.325492 7.68068 7.68068 2 2 0
0.325387 7.68315 7.68315 2 2 0
0.325283 7.68562 7.68562 2 2 0
0.325179 7.68808 7.68808 2 2 0
0.325074 7.69055 7.69055 2 2 0
0.32497 7.69302 7.69302 2 2 0
0.324866 7.69548 7.69548 2 2 0
0.324762 7.69795 7.69795 2 2 0
0.324658 7.70041 7.70041 2 2 0
0.324554 7.70287 7.70287 2 2 0
0.324451 7.70533 7.70533 2 2 0
0.324347 7.70779 7.70779 2 2 0
0.324244 7.71025 7.71025 2 2 0
0.32414 7.71271 7.71271 2 2 0
0.324037 7.71517 7.71517 2 2 0
0.323934 7.71763 7.71763 2 2 0
0.323831 7.72008 7.72008 2 2 0
0.323728 7.72254 7.72254 2 2 0
0.323625 7.72499 7.72499 2 2 0
0.323522 7.72745 7.72745 2 2 0
0.32342 7.7299 7.7299 2 2 0
0.323317 7.73235 7.73235 2 2 0
0.323215 7.7348 7.7348 2 2 0
0.323112 7.73725 7.73725 2 2 0
0.32301 7.7397 7.7397 2 2 0
0.322908 7.74215 7.74215 2 2 0
0.322806 7.7446 7.7446 2 2 0
0.322704 7.74704 7.74704 2 2 0
0.322602 7.74949 7.74949 2 2 0
0.3225 7.75193 7.75193 2 2 0
0.322398 7.75438 7.75438 2 2 0
0.322297 7.75682 7.75682 2 2 0
0.322195 7.75926 7.75926 2 2 0
0.322094 7.76171 7.76171 2 2 0
0.321993 7.76415 7.76415 2 2 0
0.321892 7.76659 7.76659 2 2 0
0.321791 7.76903 7.76903 2 2 0
0.32169 7.77146 7.77146 2 2 0
0.321589 7.7739 7.7739 2 2 0
0.321488 7.77634 7.77634 2 2 0
0.321387 7.77877 7.77877 2 2 0
0.321287 7.78121 7.78121 2 2 0
0.321186 7.78364 7.78364 2 2 0
0.321086 7.78608 7.78608 2 2 0
0.320986 7.78851 7.78851 2 2 0
0.320886 7.79094 7.79094 2 2 0
0.320785 7.79337 7.79337 2 2 0
0.320686 7.7958 7.7958 2 2 0
0.320586 7.79823 7.79823 2 2 0
0.320486 7.80066 7.80066 2 2 0
0.320386 7.80308 7.80308 2 2 0
0.320287 7.80551 7.80551 2 2 0
0.320187 7.80794 7.80794 2 2 0
0.320088 7.81036 7.81036 2 2 0
0.319988 7.81278 7.81278 2 2 0
0.319889 7.81521 7.81521 2 2 0
0.31979 7.81763 7.81763 2 2 0
0.319691 7.82005 7.82005 2 2 0
0.319592 7.82247 7.82247 2 2 0
0.319493 7.82489 7.82489 2 2 0
0.319394 7.82731 7.82731 2 2 0
0.319296 7.82973 7.82973 2 2 0
0.319197 7.83215 7.83215 2 2 0
0.319099 7.83456 7.83456 2 2 0
0.319 7.83698 7.83698 2 2 0
0.318902 7.83939 7.83939 2 2 0
0.318804 7.84181 7.84181 2 2 0
0.318706 7.84422 7.84422 2 2 0
0.318608 7.84663 7.84663 2 2 0
0.31851 7.84904 7.84904 2 2 0
0.318412 7.85146 7.85146 2 2 0
0.318315 7.85387 7.85387 2 2 0
0.318217 7.85627 7.85627 2 2 0
0.318119 7.85868 7.85868 2 2 0
0.318022 7.86109 7.86109 2 2 0
0.317925 7.8635 7.8635 2 2 0
0.317827 7.8659 7.8659 2 2 0
0.31773 7.86831 7.86831 2 2 0
0.317633 7.87071 7.87071 2 2 0
0.317536 7.87312 7.87312 2 2 0
0.317439 7.87552 7.87552 2 2 0
0.317343 7.87792 7.87792 2 2 0
0.317246 7.88032 7.88032 2 2 0
0.317149 7.88272 7.88272 2 2 0
0.317053 7.88512 7.88512 2 2 0
0.316956 7.88752 7.88752 2 2 0
0.31686 7.88992 7.88992 2 2 0
0.316764 7.89231 7.89231 2 2 0
0.316668 7.89471 7.89471 2 2 0
0.316572 7.89711 7.89711 2 2 0
0.316476 7.8995 7.8995 2 2 0
0.31638 7.90189 7.90189 2 2 0
0.316284 7.90429 7.90429 2 2 0
0.316188 7.90668 7.90668 2 2 0
0.316093 7.90907 7.90907 2 2 0
0.315997 7.91146 7.91146 2 2 0
0.315902 7.91385 7.91385 2 2 0
0.315807 7.91624 7.91624 2 2 0
0.315711 7.91863 7.91863 2 2 0
0.315616 7.92101 7.92101 2 2 0
0.315521 7.9234 7.9234 2 2 0
0.315426 7.92579 7.92579 2 2 0
0.315331 7.92817 7.92817 2 2 0
0.315236 7.93056 7.93056 2 2 0
0.315142 7.93294 7.93294 2 2 0
0.315047 7.93532 7.93532 2 2 0
0.314953 7.9377 7.9377 2 2 0
0.314858 7.94009 7.94009 2 2 0
0.314764 7.94247 7.94247 2 2 0
0.314669 7.94484 7.94484 2 2 0
0.314575 7.94722 7.94722 2 2 0
0.314481 7.9496 7.9496 2 2 0
0.314387 7.95198 7.95198 2 2 0
0.314293 7.95435 7.95435 2 2 0
0.314199 7.95673 7.95673 2 2 0
0.314106 7.95911 7.95911 2 2 0
0.314012 7.96148 7.96148 2 2 0
0.313918 7.96385 7.96385 2 2 0
0.313825 7.96622 7.96622 2 2 0
0.313732 7.9686 7.9686 2 2 0
0.313638 7.97097 7.97097 2 2 0
0.313545 7.97334 7.97334 2 2 0
0.313452 7.97571 7.97571 2 2 0
0.313359 7.97808 7.97808 2 2 0
0.313266 7.98044 7.98044 2 2 0
0.313173 7.98281 7.98281 2 2 0
0.31308 7.98518 7.98518 2 2 0
0.312987 7.98754 7.98754 2 2 0
0.312895 7.98991 7.98991 2 2 0
0.312802 7.99227 7.99227 2 2 0
0.31271 7.99463 7.99463 2 2 0
0.312617 7.997 7.997 2 2 0
0.312525 7.99936 7.99936 2 2 0
0.312433 8.00172 8.00172 2 2 0
0.312341 8.00408 8.00408 2 2 0
0.312249 8.00644 8.00644 2 2 0
0.312157 8.0088 8.0088 2 2 0
0.312065 8.01115 8.01115 2 2 0
0.311973 8.01351 8.01351 2 2 0
0.311881 8.01587 8.01587 2 2 0
0.31179 8.01822 8.01822 2 2 0
0.311698 8.02058 8.02058 2 2 0
0.311607 8.02293 8.02293 2 2 0
0.311515 8.02528 8.02528 2 2 0
0.311424 8.02764 8.02764 2 2 0
0.311333 8.02999 8.02999 2 2 0
0.311242 8.03234 8.03234 2 2 0
0.311151 8.03469 8.03469 2 2 0
0.31106 8.03704 8.03704 2 2 0
0.310969 8.03939 8.03939 2 2 0
0.310878 8.04173 8.04173 2 2 0
0.310788 8.04408 8.04408 2 2 0
0.310697 8.04643 8.04643 2 2 0
0.310606 8.04877 8.04877 2 2 0
0.310516 8.05112 8.05112 2 2 0
0.310425 8.05346 8.05346 2 2 0
0.310335 8.05581 8.05581 2 2 0
0.310245 8.05815 8.05815 2 2 0
0.310155 8.06049 8.06049 2 2 0
0.310065 8.06283 8.06283 2 2 0
0.309975 8.06517 8.06517 2 2 0
0.309885 8.06751 8.06751 2 2 0
0.309795 8.06985 8.06985 2 2 0
0.309705 8.07219 8.07219 2 2 0
0.309616 8.07453 8.07453 2 2 0
0.309526 8.07686 8.07686 2 2 0
0.309437 8.0792 8.0792 2 2 0
0.309347 8.08153 8.08153 2 2 0
0.309258 8.08387 8.08387 2 2 0
0.309169 8.0862 8.0862 2 2 0
0.30908 8.08853 8.08853 2 2 0
0.30899 8.09087 8.09087 2 2 0
0.308901 8.0932 8.0932 2 2 0
0.308812 8.09553 8.09553 2 2 0
0.308724 8.09786 8.09786 2 2 0
0.308635 8.10019 8.10019 2 2 0
0.308546 8.10252 8.10252 2 2 0
0.308458 8.10484 8.10484 2 2 0
0.308369 8.10717 8.10717 2 2 0
0.308281 8.1095 8.1095 2 2 0
0.308192 8.11182 8.11182 2 2 0
0.308104 8.11415 8.11415 2 2 0
0.308016 8.11647 8.11647 2 2 0
0.307928 8.11879 8.11879 2 2 0
0.307839 8.12112 8.12112 2 2 0
0.307751 8.12344 8.12344 2 2 0
0.307664 8.12576 8.12576 2 2 0
0.307576 8.12808 8.12808 2 2 0
0.307488 8.1304 8.1304 2 2 0
0.3074 8.13272 8.13272 2 2 0
0.307313 8.13504 8.13504 2 2 0
0.307225 8.13735 8.13735 2 2 0
0.307138 8.13967 8.13967 2 2 0
0.30705 8.14199 8.14199 2 2 0
0.306963 8.1443 8.1443 2 2 0
0.306876 8.14662 8.14662 2 2 0
0.306789 8.14893 8.14893 2 2 0
0.306702 8.15124 8.15124 2 2 0
0.306615 8.15356 8.15356 2 2 0
0.306528 8.15587 8.15587 2 2 0
0.306441 8.15818 8.15818 2 2 0
0.306354 8.16049 8.16049 2 2 0
0.306268 8.1628 8.1628 2 2 0
0.306181 8.16511 8.16511 2 2 0
0.306094 8.16741 8.16741 2 2 0
0.306008 8.16972 8.16972 2 2 0
0.305922 8.17203 8.17203 2 2 0
0.305835 8.17433 8.17433 2 2 0
0.305749 8.17664 8.17664 2 2 0
0.305663 8.17894 8.17894 2 2 0
0.305577 8.18125 8.18125 2 2 0
0.305491 8.18355 8.18355 2 2 0
0.305405 8.18585 8.18585 2 2 0
0.305319 8.18815 8.18815 2 2 0
0.305233 8.19046 8.19046 2 2 0
0.305148 8.19276 8.19276 2 2 0
0.305062 8.19505 8.19505 2 2 0
0.304976 8.19735 8.19735 2 2 0
0.304891 8.19965 8.19965 2 2 0
0.304806 8.20195 8.20195 2 2 0
0.30472 8.20425 8.20425 2 2 0
0.304635 8.20654 8.20654 2 2 0
0.30455 8.20884 8.20884 2 2 0
0.304465 8.21113 8.21113 2 2 0
0.30438 8.21343 8.21343 2 2 0
0.304295 8.21572 8.21572 2 2 0
0.30421 8.21801 8.21801 2 2 0
0.304125 8.2203 8.2203 2 2 0
0.30404 8.22259 8.22259 2 2 0
0.303956 8.22488 8.22488 2 2 0
0.303871 8.22717 8.22717 2 2 0
0.303787 8.22946 8.22946 2 2 0
0.303702 8.23175 8.23175 2 2 0
0.303618 8.23404 8.23404 2 2 0
0.303533 8.23632 8.23632 2 2 0
0.303449 8.23861 8.23861 2 2 0
0.303365 8.2409 8.2409 2 2 0
0.303281 8.24318 8.24318 2 2 0
0.303197 8.24546 8.24546 2 2 0
0.303113 8.24775 8.24775 2 2 0
0.303029 8.25003 8.25003 2 2 0
0.302945 8.25231 8.25231 2 2 0
0.302862 8.25459 8.25459 2 2 0
0.302778 8.25687 8.25687 2 2 0
0.302694 8.25915 8.25915 2 2 0
0.302611 8.26143 8.26143 2 2 0
0.302527 8.26371 8.26371 2 2 0
0.302444 8.26599 8.26599 2 2 0
0.302361 8.26827 8.26827 2 2 0
0.302278 8.27054 8.27054 2 2 0
0.302194 8.27282 8.27282 2 2 0
0.302111 8.27509 8.27509 2 2 0
0.302028 8.27737 8.27737 2 2 0
0.301945 8.27964 8.27964 2 2 0
0.301863 8.28191 8.28191 2 2 0
0.30178 8.28419 8.28419 2 2 0
0.301697 8.28646 8.28646 2 2 0
0.301614 8.28873 8.28873 2 2 0
0.301532 8.291 8.291 2 2 0
0.301449 8.29327 8.29327 2 2 0
0.301367 8.29554 8.29554 2 2 0
0.301284 8.29781 8.29781 2 2 0
0.301202 8.30007 8.30007 2 2 0
0.30112 8.30234 8.30234 2 2 0
0.301038 8.30461 8.30461 2 2 0
0.300956 8.30687 8.30687 2 2 0
0.300874 8.30914 8.30914 2 2 0
0.300792 8.3114 8.3114 2 2 0
0.30071 8.31366 8.31366 2 2 0
0.300628 8.31593 8.31593 2 2 0
0.300546 8.31819 8.31819 2 2 0
0.300465 8.32045 8.32045 2 2 0
0.300383 8.32271 8.32271 2 2 0
0.300301 8.32497 8.32497 2 2 0
0.30022 8.32723 8.32723 2 2 0
0.300138 8.32949 8.32949 2 2 0
0.300057 8.33175 8.33175 2 2 0
0.299976 8.334 8.334 2 2 0
0.299895 8.33626 8.33626 2 2 0
0.299814 8.33852 8.33852 2 2 0
0.299732 8.34077 8.34077 2 2 0
0.299651 8.34303 8.34303 2 2 0
0.299571 8.34528 8.34528 2 2 0
0.29949 8.34753 8.34753 2 2 0
0.299409 8.34979 8.34979 2 2 0
0.299328 8.35204 8.35204 2 2 0
0.299247 8.35429 8.35429 2 2 0
0.299167 8.35654 8.35654 2 2 0
0.299086 8.35879 8.35879 2 2 0
0.299006 8.36104 8.36104 2 2 0
0.298925 8.36329 8.36329 2 2 0
0.298845 8.36554 8.36554 2 2 0
0.298765 8.36778 8.36778 2 2 0
0.298685 8.37003 8.37003 2 2 0
0.298605 8.37228 8.37228 2 2 0
0.298525 8.37452 8.37452 2 2 0
0.298445 8.37677 8.37677 2 2 0
0.298365 8.37901 8.37901 2 2 0
0.298285 8.38125 8.38125 2 2 0
0.298205 8.3835 8.3835 2 2 0
0.298125 8.38574 8.38574 2 2 0
0.298046 8.38798 8.38798 2 2 0
0.297966 8.39022 8.39022 2 2 0
0.297886 8.39246 8.39246 2 2 0
0.297807 8.3947 8.3947 2 2 0
0.297728 8.39694 8.39694 2 2 0
0.297648 8.39918 8.39918 2 2 0
0.297569 8.40141 8.40141 2 2 0
0.29749 8.40365 8.40365 2 2 0
0.297411 8.40589 8.40589 2 2 0
0.297332 8.40812 8.40812 2 2 0
0.297253 8.41036 8.41036 2 2 0
0.297174 8.41259 8.41259 2 2 0
0.297095 8.41482 8.41482 2 2 0
0.297016 8.41706 8.41706 2 2 0
0.296937 8.41929 8.41929 2 2 0
0.296858 8.42152 8.42152 2 2 0
0.29678 8.42375 8.42375 2 2 0
0.296701 8.42598 8.42598 2 2 0
0.296623 8.42821 8.42821 2 2 0
0.296544 8.43044 8.43044 2 2 0
0.296466 8.43267 8.43267 2 2 0
0.296388 8.4349 8.4349 2 2 0
0.29631 8.43712 8.43712 2 2 0
0.296231 8.43935 8.43935 2 2 0
0.296153 8.44158 8.44158 2 2 0
0.296075 8.4438 8.4438 2 2 0
0.295997 8.44603 8.44603 2 2 0
0.295919 8.44825 8.44825 2 2 0
0.295841 8.45047 8.45047 2 2 0
0.295764 8.4527 8.4527 2 2 0
0.295686 8.45492 8.45492 2 2 0
0.295608 8.45714 8.45714 2 2 0
0.295531 8.45936 8.45936 2 2 0
0.295453 8.46158 8.46158 2 2 0
0.295376 8.4638 8.4638 2 2 0
0.295298 8.46602 8.46602 2 2 0
0.295221 8.46823 8.46823 2 2 0
0.295144 8.47045 8.47045 2 2 0
0.295066 8.47267 8.47267 2 2 0
0.294989 8.47488 8.47488 2 2 0
0.294912 8.4771 8.4771 2 2 0
0.294835 8.47932 8.47932 2 2 0
0.294758 8.48153 8.48153 2 2 0
0.294681 8.48374 8.48374 2 2 0
0.294604 8.48596 8.48596 2 2 0
0.294528 8.48817 8.48817 2 2 0
0.294451 8.49038 8.49038 2 2 0
0.294374 8.49259 8.49259 2 2 0
0.294298 8.4948 8.4948 2 2 0
0.294221 8.49701 8.49701 2 2 0
0.294145 8.49922 8.49922 2 2 0
0.294068 8.50143 8.50143 2 2 0
0.293992 8.50364 8.50364 2 2 0
0.293916 8.50584 8.50584 2 2 0
0.293839 8.50805 8.50805 2 2 0
0.293763 8.51026 8.51026 2 2 0
0.293687 8.51246 8.51246 2 2 0
0.293611 8.51467 8.51467 2 2 0
0.293535 8.51687 8.51687 2 2 0
0.293459 8.51907 8.51907 2 2 0
0.293383 8.52128 8.52128 2 2 0
0.293307 8.52348 8.52348 2 2 0
0.293232 8.52568 8.52568 2 2 0
0.293156 8.52788 8.52788 2 2 0
0.29308 8.53008 8.53008 2 2 0
0.293005 8.53228 8.53228 2 2 0
0.292929 8.53448 8.53448 2 2 0
0.292854 8.53668 8.53668 2 2 0
0.292779 8.53888 8.53888 2 2 0
0.292703 8.54108 8.54108 2 2 0
0.292628 8.54327 8.54327 2 2 0
0.292553 8.54547 8.54547 2 2 0
0.292478 8.54766 8.54766 2 2 0
0.292403 8.54986 8.54986 2 2 0
0.292327 8.55205 8.55205 2 2 0
0.292253 8.55425 8.55425 2 2 0
0.292178 8.55644 8.55644 2 2 0
0.292103 8.55863 8.55863 2 2 0
0.292028 8.56082 8.56082 2 2 0
0.291953 8.56301 8.56301 2 2 0
0.291879 8.5652 8.5652 2 2 0
0.291804 8.56739 8.56739 2 2 0
0.291729 8.56958 8.56958 2 2 0
0.291655 8.57177 8.57177 2 2 0
0.291581 8.57396 8.57396 2 2 0
0.291506 8.57615 8.57615 2 2 0
0.291432 8.57833 8.57833 2 2 0
0.291358 8.58052 8.58052 2 2 0
0.291283 8.58271 8.58271 2 2 0
0.291209 8.58489 8.58489 2 2 0
0.291135 8.58708 8.58708 2 2 0
0.291061 8.58926 8.58926 2 2 0
0.290987 8.59144 8.59144 2 2 0
0.290913 8.59362 8.59362 2 2 0
0.290839 8.59581 8.59581 2 2 0
0.290766 8.59799 8.59799 2 2 0
0.290692 8.60017 8.60017 2 2 0
0.290618 8.60235 8.60235 2 2 0
0.290545 8.60453 8.60453 2 2 0
0.290471 8.60671 8.60671 2 2 0
0.290398 8.60889 8.60889 2 2 0
0.290324 8.61106 8.61106 2 2 0
0.290251 8.61324 8.61324 2 2 0
0.290177 8.61542 8.61542 2 2 0
0.290104 8.61759 8.61759 2 2 0
0.290031 8.61977 8.61977 2 2 0
0.289958 8.62194 8.62194 2 2 0
0.289885 8.62412 8.62412 2 2 0
0.289812 8.62629 8.62629 2 2 0
0.289739 8.62846 8.62846 2 2 0
0.289666 8.63064 8.63064 2 2 0
0.289593 8.63281 8.63281 2 2 0
0.28952 8.63498 8.63498 2 2 0
0.289447 8.63715 8.63715 2 2 0
0.289375 8.63932 8.63932 2 2 0
0.289302 8.64149 8.64149 2 2 0
0.289229 8.64366 8.64366 2 2 0
0.289157 8.64582 8.64582 2 2 0
0.289084 8.64799 8.64799 2 2 0
0.289012 8.65016 8.65016 2 2 0
0.28894 8.65233 8.65233 2 2 0
0.288867 8.65449 8.65449 2 2 0
0.288795 8.65666 8.65666 2 2 0
0.288723 8.65882 8.65882 2 2 0
0.288651 8.66098 8.66098 2 2 0
0.288579 8.66315 8.66315 2 2 0
0.288507 8.66531 8.66531 2 2 0
0.288435 8.66747 8.66747 2 2 0
0.288363 8.66963 8.66963 2 2 0
0.288291 8.6718 8.6718 2 2 0
0.288219 8.67396 8.67396 2 2 0
0.288147 8.67612 8.67612 2 2 0
0.288076 8.67827 8.67827 2 2 0
0.288004 8.68043 8.68043 2 2 0
0.287932 8.68259 8.68259 2 2 0
0.287861 8.68475 8.68475 2 2 0
0.287789 8.68691 8.68691 2 2 0
0.287718 8.68906 8.68906 2 2 0
0.287647 8.69122 8.69122 2 2 0
0.287575 8.69337 8.69337 2 2 0
0.287504 8.69553 8.69553 2 2 0
0.287433 8.69768 8.69768 2 2 0
0.287362 8.69983 8.69983 2 2 0
0.287291 8.70199 8.70199 2 2 0
0.28722 8.70414 8.70414 2 2 0
0.287149 8.70629 8.70629 2 2 0
0.287078 8.70844 8.70844 2 2 0
0.287007 8.71059 8.71059 2 2 0
0.286936 8.71274 8.71274 2 2 0
0.286865 8.71489 8.71489 2 2 0
0.286795 8.71704 8.71704 2 2 0
0.286724 8.71919 8.71919 2 2 0
0.286653 8.72134 8.72134 2 2 0
0.286583 8.72348 8.72348 2 2 0
0.286512 8.72563 8.72563 2 2 0
0.286442 8.72778 8.72778 2 2 0
0.286371 8.72992 8.72992 2 2 0
0.286301 8.73206 8.73206 2 2 0
0.286231 8.73421 8.73421 2 2 0
0.286161 8.73635 8.73635 2 2 0
0.28609 8.7385 8.7385 2 2 0
0.28602 8.74064 8.74064 2 2 0
0.28595 8.74278 8.74278 2 2 0
0.28588 8.74492 8.74492 2 2 0
0.28581 8.74706 8.74706 2 2 0
0.28574 8.7492 8.7492 2 2 0
0.285671 8.75134 8.75134 2 2 0
0.285601 8.75348 8.75348 2 2 0
0.285531 8.75562 8.75562 2 2 0
0.285461 8.75776 8.75776 2 2 0
0.285392 8.75989 8.75989 2 2 0
0.285322 8.76203 8.76203 2 2 0
0.285252 8.76417 8.76417 2 2 0
0.285183 8.7663 8.7663 2 2 0
0.285114 8.76844 8.76844 2 2 0
0.285044 8.77057 8.77057 2 2 0
0.284975 8.7727 8.7727 2 2 0
0.284906 8.77484 8.77484 2 2 0
0.284836 8.77697 8.77697 2 2 0
0.284767 8.7791 8.7791 2 2 0
0.284698 8.78123 8.78123 2 2 0
0.284629 8.78336 8.78336 2 2 0
0.28456 8.78549 8.78549 2 2 0
0.284491 8.78762 8.78762 2 2 0
0.284422 8.78975 8.78975 2 2 0
0.284353 8.79188 8.79188 2 2 0
0.284284 8.79401 8.79401 2 2 0
0.284216 8.79614 8.79614 2 2 0
0.284147 8.79826 8.79826 2 2 0
0.284078 8.80039 8.80039 2 2 0
0.28401 8.80252 8.80252 2 2 0
0.283941 8.80464 8.80464 2 2 0
0.283873 8.80677 8.80677 2 2 0
0.283804 8.80889 8.80889 2 2 0
0.283736 8.81101 8.81101 2 2 0
0.283667 8.81314 8.81314 2 2 0
0.283599 8.81526 8.81526 2 2 0
0.283531 8.81738 8.81738 2 2 0
0.283463 8.8195 8.8195 2 2 0
0.283395 8.82162 8.82162 2 2 0
0.283326 8.82374 8.82374 2 2 0
0.283258 8.82586 8.82586 2 2 0
0.28319 8.82798 8.82798 2 2 0
0.283122 8.8301 8.8301 2 2 0
0.283055 8.83222 8.83222 2 2 0
0.282987 8.83434 8.83434 2 2 0
0.282919 8.83645 8.83645 2 2 0
0.282851 8.83857 8.83857 2 2 0
0.282783 8.84069 8.84069 2 2 0
0.282716 8.8428 8.8428 2 2 0
0.282648 8.84492 8.84492 2 2 0
0.282581 8.84703 8.84703 2 2 0
0.282513 8.84914 8.84914 2 2 0
0.282446 8.85126 8.85126 2 2 0
0.282378 8.85337 8.85337 2 2 0
0.282311 8.85548 8.85548 2 2 0
0.282244 8.85759 8.85759 2 2 0
0.282176 8.8597 8.8597 2 2 0
0.282109 8.86181 8.86181 2 2 0
0.282042 8.86392 8.86392 2 2 0
0.281975 8.86603 8.86603 2 2 0
0.281908 8.86814 8.86814 2 2 0
0.281841 8.87025 8.87025 2 2 0
0.281774 8.87236 8.87236 2 2 0
0.281707 8.87446 8.87446 2 2 0
0.28164 8.87657 8.87657 2 2 0
0.281573 8.87868 8.87868 2 2 0
0.281507 8.88078 8.88078 2 2 0
0.28144 8.88289 8.88289 2 2 0
0.281373 8.88499 8.88499 2 2 0
0.281307 8.8871 8.8871 2 2 0
0.28124 8.8892 8.8892 2 2 0
0.281174 8.8913 8.8913 2 2 0
0.281107 8.8934 8.8934 2 2 0
0.281041 8.8955 8.8955 2 2 0
0.280974 8.89761 8.89761 2 2 0
0.280908 8.89971 8.89971 2 2 0
0.280842 8.90181 8.90181 2 2 0
0.280776 8.90391 8.90391 2 2 0
0.280709 8.906 8.906 2 2 0
0.280643 8.9081 8.9081 2 2 0
0.280577 8.9102 8.9102 2 2 0
0.280511 8.9123 8.9123 2 2 0
0.280445 8.91439 8.91439 2 2 0
0.280379 8.91649 8.91649 2 2 0
0.280313 8.91859 8.91859 2 2 0
0.280248 8.92068 8.92068 2 2 0
0.280182 8.92278 8.92278 2 2 0
0.280116 8.92487 8.92487 2 2 0
0.28005 8.92696 8.92696 2 2 0
0.279985 8.92906 8.92906 2 2 0
0.279919 8.93115 8.93115 2 2 0
0.279854 8.93324 8.93324 2 2 0
0.279788 8.93533 8.93533 2 2 0
0.279723 8.93742 8.93742 2 2 0
0.279657 8.93951 8.93951 2 2 0
0.279592 8.9416 8.9416 2 2 0
0.279527 8.94369 8.94369 2 2 0
0.279461 8.94578 8.94578 2 2 0
0.279396 8.94787 8.94787 2 2 0
0.279331 8.94996 8.94996 2 2 0
0.279266 8.95204 8.95204 2 2 0
0.279201 8.95413 8.95413 2 2 0
0.279136 8.95622 8.95622 2 2 0
0.279071 8.9583 8.9583 2 2 0
0.279006 8.96039 8.96039 2 2 0
0.278941 8.96247 8.96247 2 2 0
0.278876 8.96455 8.96455 2 2 0
0.278811 8.96664 8.96664 2 2 0
0.278747 8.96872 8.96872 2 2 0
0.278682 8.9708 8.9708 2 2 0
0.278617 8.97288 8.97288 2 2 0
0.278553 8.97497 8.97497 2 2 0
0.278488 8.97705 8.97705 2 2 0
0.278424 8.97913 8.97913 2 2 0
0.278359 8.98121 8.98121 2 2 0
0.278295 8.98328 8.98328 2 2 0
0.27823 8.98536 8.98536 2 2 0
0.278166 8.98744 8.98744 2 2 0
0.278102 8.98952 8.98952 2 2 0
0.278037 8.9916 8.9916 2 2 0
0.277973 8.99367 8.99367 2 2 0
0.277909 8.99575 8.99575 2 2 0
0.277845 8.99782 8.99782 2 2 0
0.277781 8.9999 8.9999 2 2 0
0.277717 9.00197 9.00197 2 2 0
0.277653 9.00405 9.00405 2 2 0
0.277589 9.00612 9.00612 2 2 0
0.277525 9.00819 9.00819 2 2 0
0.277461 9.01027 9.01027 2 2 0
0.277398 9.01234 9.01234 2 2 0
0.277334 9.01441 9.01441 2 2 0
0.27727 9.01648 9.01648 2 2 0
0.277206 9.01855 9.01855 2 2 0
0.277143 9.02062 9.02062 2 2 0
0.277079 9.02269 9.02269 2 2 0
0.277016 9.02476 9.02476 2 2 0
0.276952 9.02683 9.02683 2 2 0
0.276889 9.02889 9.02889 2 2 0
1.47059 1.7 1.7 2 2 0
1.47674 1.69291 1.69291 2 2 0
1.48203 1.68688 1.68688 1 2 0
1.48789 1.68023 1.68023 1 2 0
1.49678 1.67026 1.67026 1 2 0
1.5077 1.65816 1.65816 1 2 0
1.51879 1.64605 1.64605 1 2 0
1.53004 1.63394 1.63394 1 2 0
1.54147 1.62183 1.62183 1 2 0
1.55306 1.60972 1.60972 1 2 0
1.56483 1.59762 1.59762 1 2 0
1.57676 1.58553 1.58553 1 2 0
1.58887 1.57345 1.57345 1 2 0
1.60115 1.56138 1.56138 1 2 0
1.61359 1.54934 1.54934 1 2 0
1.62621 1.53731 1.53731 1 2 0
1.639 1.52532 1.52532 1 2 0
1.65197 1.51335 1.51335 1 2 0
1.6651 1.50142 1.50142 1 2 0
1.67839 1.48952 1.48952 1 2 0
1.69186 1.47766 1.47766 1 2 0
1.70549 1.46585 1.46585 1 2 0
1.71929 1.45409 1.45409 1 2 0
1.73325 1.44238 1.44238 1 2 0
1.74737 1.43072 1.43072 1 2 0
1.76165 1.41912 1.41912 1 2 0
1.77609 1.40759 1.40759 1 2 0
1.79068 1.39611 1.39611 1 2 0
1.80543 1.38471 1.38471 1 2 0
1.82033 1.37338 1.37338 1 2 0
1.83537 1.36212 1.36212 1 2 0
1.85056 1.35095 1.35095 1 2 0
1.86588 1.33985 1.33985 1 2 0
1.88135 1.32883 1.32883 1 2 0
1.89696 1.3179 1.3179 1 2 0
1.91269 1.30706 1.30706 1 2 0
1.92856 1.29631 1.29631 1 2 0
1.94455 1.28564 1.28564 1 2 0
1.96067 1.27508 1.27508 1 2 0
1.9769 1.26461 1.26461 1 2 0
1.99325 1.25423 1.25423 1 2 0
2.00972 1.24395 1.24395 1 2 0
2.0263 1.23378 1.23378 1 2 0
2.04298 1.2237 1.2237 1 2 0
2.05977 1.21373 1.21373 1 2 0
2.07665 1.20386 1.20386 1 2 0
2.09364 1.19409 1.19409 1 2 0
2.11072 1.18443 1.18443 1 2 0
2.12789 1.17487 1.17487 1 2 0
2.14516 1.16542 1.16542 1 2 0
2.1625 1.15607 1.15607 1 2 0
2.17993 1.14682 1.14682 1 2 0
2.19744 1.13769 1.13769 1 2 0
2.21503 1.12865 1.12865 1 2 0
2.23269 1.11972 1.11972 1 2 0
2.25043 1.1109 1.1109 1 2 0
2.26823 1.10218 1.10218 1 2 0
2.28611 1.09356 1.09356 1 2 0
2.30404 1.08505 1.08505 1 2 0
2.32205 1.07664 1.07664 1 2 0
2.34011 1.06833 1.06833 1 2 0
2.35823 1.06012 1.06012 1 2 0
2.3764 1.05201 1.05201 1 2 0
2.39463 1.044 1.044 1 2 0
2.41292 1.03609 1.03609 1 2 0
2.43125 1.02828 1.02828 1 2 0
2.44964 1.02056 1.02056 1 2 0
2.46807 1.01294 1.01294 1 2 0
2.48654 1.00541 1.00541 1 2 0
2.50506 0.997979 0.997979 1 2 0
2.52363 0.990638 0.990638 1 2 0
2.54223 0.983389 0.983389 1 2 0
2.56087 0.97623 0.97623 1 2 0
2.57955 0.96916 0.96916 1 2 0
2.59827 0.962179 0.962179 1 2 0
2.61702 0.955284 0.955284 1 2 0
2.63581 0.948475 0.948475 1 2 0
2.65463 0.94175 0.94175 1 2 0
2.67348 0.935109 0.935109 1 2 0
2.69237 0.928551 0.928551 1 2 0
2.71128 0.922073 0.922073 1 2 0
2.73022 0.915676 0.915676 1 2 0
2.74919 0.909358 0.909358 1 2 0
2.76819 0.903117 0.903117 1 2 0
2.78721 0.896953 0.896953 1 2 0
2.80626 0.890865 0.890865 1 2 0
2.82533 0.884851 0.884851 1 2 0
2.84443 0.878911 0.878911 1 2 0
2.86355 0.873043 0.873043 1 2 0
2.88269 0.867246 0.867246 1 2 0
2.90185 0.861519 0.861519 1 2 0
2.92103 0.855861 0.855861 1 2 0
2.94024 0.850271 0.850271 1 2 0
2.95946 0.844749 0.844749 1 2 0
2.9787 0.839292 0.839292 1 2 0
2.99796 0.8339 0.8339 1 2 0
3.01724 0.828572 0.828572 1 2 0
3.03653 0.823308 0.823308 1 2 0
3.05584 0.818105 0.818105 1 2 0
3.07517 0.812963 0.812963 1 2 0
3.09451 0.807882 0.807882 1 2 0
3.11387 0.80286 0.80286 1 2 0
3.13324 0.797896 0.797896 1 2 0
3.15263 0.792989 0.792989 1 2 0
3.17203 0.78814 0.78814 1 2 0
3.19144 0.783345 0.783345 1 2 0
3.21087 0.778606 0.778606 1 2 0
3.23031 0.77392 0.77392 1 2 0
3.24976 0.769288 0.769288 1 2 0
3.26922 0.764708 0.764708 1 2 0
3.2887 0.76018 0.76018 1 2 0
3.30818 0.755702 0.755702 1 2 0
3.32768 0.751274 0.751274 1 2 0
3.34719 0.746896 0.746896 1 2 0
3.36671 0.742566 0.742566 1 2 0
3.38623 0.738283 0.738283 1 2 0
3.40577 0.734048 0.734048 1 2 0
3.42532 0.729859 0.729859 1 2 0
3.44488 0.725715 0.725715 1 2 0
3.46444 0.721617 0.721617 1 2 0
3.48402 0.717562 0.717562 1 2 0
3.5036 0.713551 0.713551 1 2 0
3.52319 0.709584 0.709584 1 2 0
3.54279 0.705658 0.705658 1 2 0
3.5624 0.701774 0.701774 1 2 0
3.58202 0.697931 0.697931 1 2 0
3.60164 0.694128 0.694128 1 2 0
3.62127 0.690366 0.690366 1 2 0
3.64091 0.686642 0.686642 1 2 0
3.66055 0.682957 0.682957 1 2 0
3.6802 0.67931 0.67931 1 2 0
3.69986 0.675701 0.675701 1 2 0
3.71953 0.672129 0.672129 1 2 0
3.7392 0.668593 0.668593 1 2 0
3.75887 0.665093 0.665093 1 2 0
3.77856 0.661628 0.661628 1 2 0
3.79825 0.658199 0.658199 1 2 0
3.81794 0.654803 0.654803 1 2 0
3.83764 0.651442 0.651442 1 2 0
3.85735 0.648114 0.648114 1 2 0
3.87706 0.644819 0.644819 1 2 0
3.89677 0.641557 0.641557 1 2 0
3.91649 0.638326 0.638326 1 2 0
3.92157 0.6375 0.6375 2 2 0
3.9413 0.634309 0.634309 2 2 0
3.96103 0.631149 0.631149 2 2 0
3.98077 0.62802 0.62802 2 2 0
4.00051 0.624921 0.624921 2 2 0
4.02025 0.621851 0.621851 2 2 0
4.04 0.618811 0.618811 2 2 0
4.05976 0.6158 0.6158 2 2 0
4.07952 0.612818 0.612818 2 2 0
4.09928 0.609863 0.609863 2 2 0
4.11905 0.606936 0.606936 2 2 0
4.13882 0.604037 0.604037 2 2 0
4.15859 0.601165 0.601165 2 2 0
4.17837 0.598319 0.598319 2 2 0
4.19816 0.5955 0.5955 2 2 0
4.21794 0.592706 0.592706 2 2 0
4.23773 0.589938 0.589938 2 2 0
4.25752 0.587196 0.587196 2 2 0
4.27732 0.584478 0.584478 2 2 0
4.29712 0.581785 0.581785 2 2 0
4.31692 0.579116 0.579116 2 2 0
4.33673 0.576471 0.576471 2 2 0
4.35654 0.57385 0.57385 2 2 0
4.37635 0.571252 0.571252 2 2 0
4.39617 0.568677 0.568677 2 2 0
4.41599 0.566125 0.566125 2 2 0
4.43581 0.563595 0.563595 2 2 0
4.45563 0.561088 0.561088 2 2 0
4.47546 0.558602 0.558602 2 2 0
4.49529 0.556138 0.556138 2 2 0
4.51512 0.553695 0.553695 2 2 0
4.53495 0.551274 0.551274 2 2 0
4.55479 0.548873 0.548873 2 2 0
4.57463 0.546492 0.546492 2 2 0
4.59447 0.544132 0.544132 2 2 0
4.61432 0.541792 0.541792 2 2 0
4.63416 0.539472 0.539472 2 2 0
4.65401 0.537171 0.537171 2 2 0
4.67387 0.534889 0.534889 2 2 0
4.69372 0.532627 0.532627 2 2 0
4.71358 0.530383 0.530383 2 2 0
4.73343 0.528158 0.528158 2 2 0
4.75329 0.525951 0.525951 2 2 0
4.77316 0.523763 0.523763 2 2 0
4.79302 0.521592 0.521592 2 2 0
4.81289 0.519439 0.519439 2 2 0
4.83275 0.517303 0.517303 2 2 0
4.85262 0.515185 0.515185 2 2 0
4.8725 0.513084 0.513084 2 2 0
4.89237 0.511 0.511 2 2 0
4.91225 0.508932 0.508932 2 2 0
4.93212 0.506881 0.506881 2 2 0
4.952 0.504846 0.504846 2 2 0
4.97188 0.502828 0.502828 2 2 0
4.99177 0.500825 0.500825 2 2 0
5.01165 0.498838 0.498838 2 2 0
5.03154 0.496866 0.496866 2 2 0
5.05142 0.49491 0.49491 2 2 0
5.07131 0.492969 0.492969 2 2 0
5.0912 0.491043 0.491043 2 2 0
5.11109 0.489132 0.489132 2 2 0
5.13099 0.487236 0.487236 2 2 0
5.15088 0.485354 0.485354 2 2 0
5.17078 0.483486 0.483486 2 2 0
5.19068 0.481633 0.481633 2 2 0
5.21058 0.479793 0.479793 2 2 0
5.23048 0.477968 0.477968 2 2 0
5.25038 0.476156 0.476156 2 2 0
5.27028 0.474358 0.474358 2 2 0
5.29019 0.472573 0.472573 2 2 0
5.31009 0.470802 0.470802 2 2 0
5.33 0.469043 0.469043 2 2 0
5.34991 0.467298 0.467298 2 2 0
5.36982 0.465565 0.465565 2 2 0
5.38973 0.463845 0.463845 2 2 0
5.40964 0.462138 0.462138 2 2 0
5.42955 0.460443 0.460443 2 2 0
5.44947 0.45876 0.45876 2 2 0
5.46938 0.45709 0.45709 2 2 0
5.4893 0.455432 0.455432 2 2 0
5.50922 0.453785 0.453785 2 2 0
5.52913 0.45215 0.45215 2 2 0
5.54905 0.450527 0.450527 2 2 0
5.56897 0.448916 0.448916 2 2 0
5.5889 0.447316 0.447316 2 2 0
5.60882 0.445727 0.445727 2 2 0
5.62874 0.444149 0.444149 2 2 0
5.64867 0.442582 0.442582 2 2 0
5.66859 0.441027 0.441027 2 2 0
5.68852 0.439482 0.439482 2 2 0
5.70845 0.437948 0.437948 2 2 0
5.72837 0.436424 0.436424 2 2 0
5.7483 0.434911 0.434911 2 2 0
5.76823 0.433408 0.433408 2 2 0
5.78816 0.431916 0.431916 2 2 0
5.8081 0.430434 0.430434 2 2 0
5.82803 0.428962 0.428962 2 2 0
5.84796 0.427499 0.427499 2 2 0
5.86789 0.426047 0.426047 2 2 0
5.88783 0.424605 0.424605 2 2 0
5.90777 0.423172 0.423172 2 2 0
5.9277 0.421749 0.421749 2 2 0
5.94764 0.420335 0.420335 2 2 0
5.96758 0.41893 0.41893 2 2 0
5.98752 0.417535 0.417535 2 2 0
6.00746 0.41615 0.41615 2 2 0
3.92157 0.6375 0.6375 4 8 0
3.92189 0.650874 0.624207 3 8 0
3.92357 0.671022 0.604485 3 8 0
3.92797 0.69773 0.578886 3 8 0
3.9346 0.723854 0.554431 3 8 0
3.94315 0.749087 0.531341 3 8 0
3.9533 0.773301 0.509659 3 8 0
3.96476 0.796456 0.489349 3 8 0
3.97731 0.818573 0.470326 3 8 0
3.99075 0.839698 0.452493 3 8 0
4.00493 0.859896 0.435743 3 8 0
4.01972 0.879232 0.419979 3 8 0
4.03502 0.897769 0.405108 3 8 0
4.05076 0.915571 0.391046 3 8 0
4.06688 0.932692 0.377726 3 8 0
4.08331 0.949182 0.365078 3 8 0
4.10003 0.965087 0.353046 3 8 0
4.11699 0.980445 0.341582 3 8 0
4.13416 0.995297 0.330638 3 8 0
4.15153 1.00968 0.320179 3 8 0
4.16907 1.02361 0.310167 3 8 0
4.18676 1.03712 0.300569 3 8 0
4.20458 1.05024 0.291361 3 8 0
4.22253 1.06298 0.282514 3 8 0
4.24059 1.07537 0.274008 3 8 0
4.25876 1.08743 0.265822 3 8 0
4.27702 1.09916 0.257936 3 8 0
4.29536 1.11059 0.250334 3 8 0
4.31379 1.12172 0.243002 3 8 0
4.33229 1.13259 0.235924 3 8 0
4.35085 1.14318 0.229086 3 8 0
4.36948 1.15351 0.22248 3 8 0
4.38817 1.1636 0.216092 3 8 0
4.40691 1.17345 0.209912 3 8 0
4.42571 1.18307 0.203932 3 8 0
4.44455 1.19247 0.198142 3 8 0
4.46344 1.20166 0.192533 3 8 0
4.48237 1.21064 0.1871 3 8 0
4.50134 1.21942 0.181835 3 8 0
4.52035 1.228 0.176732 3 8 0
4.5394 1.2364 0.171783 3 8 0
4.55848 1.24461 0.166983 3 8 0
4.57759 1.25266 0.162324 3 8 0
4.59673 1.26052 0.157805 3 8 0
4.6159 1.26822 0.15342 3 8 0
4.6351 1.27576 0.149162 3 8 0
4.65433 1.28313 0.14503 3 8 0
4.67358 1.29035 0.141018 3 8 0
4.69286 1.29742 0.13712 3 8 0
4.71216 1.30434 0.133335 3 8 0
4.73148 1.31112 0.12966 3 8 0
4.75082 1.31776 0.126088 3 8 0
4.77018 1.32426 0.12262 3 8 0
4.78957 1.33063 0.119251 3 8 0
4.80897 1.33687 0.115973 3 8 0
4.82839 1.34298 0.112791 3 8 0
4.84783 1.34897 0.109699 3 8 0
4.86728 1.35483 0.106693 3 8 0
4.88675 1.36058 0.103773 3 8 0
4.90624 1.3662 0.100935 3 8 0
4.92574 1.37172 0.0981764 3 8 0
4.94526 1.37712 0.0954938 3 8 0
4.96479 1.38242 0.0928852 3 8 0
4.98433 1.38761 0.0903519 3 8 0
5.00389 1.3927 0.0878893 3 8 0
5.02346 1.39768 0.0854929 3 8 0
5.04304 1.40257 0.0831662 3 8 0
5.06263 1.40735 0.0809016 3 8 0
5.08224 1.41205 0.0787009 3 8 0
5.10185 1.41665 0.0765636 3 8 0
5.12148 1.42117 0.0744827 3 8 0
5.14111 1.42559 0.0724607 3 8 0
5.16076 1.42992 0.0704966 3 8 0
5.18042 1.43417 0.0685842 3 8 0
5.20008 1.43833 0.0667261 3 8 0
5.21976 1.44241 0.0649195 3 8 0
5.23944 1.44643 0.0631632 3 8 0
5.25914 1.45036 0.0614566 3 8 0
5.27884 1.45421 0.0597948 3 8 0
5.29854 1.45799 0.0581801 3 8 0
5.31826 1.46169 0.0566112 3 8 0
5.33799 1.46532 0.0550836 3 8 0
5.35772 1.46889 0.0536003 3 8 0
5.37746 1.47239 0.0521565 3 8 0
5.3972 1.47581 0.0507527 3 8 0
5.41695 1.47918 0.0493876 3 8 0
5.43671 1.48248 0.0480612 3 8 0
5.45648 1.48572 0.0467708 3 8 0
5.47625 1.4889 0.0455148 3 8 0
5.49602 1.49202 0.0442946 3 8 0
5.5158 1.49508 0.0431076 3 8 0
5.53559 1.49808 0.0419545 3 8 0
5.55539 1.50103 0.0408308 3 8 0
5.57518 1.50391 0.0397395 3 8 0
5.59499 1.50675 0.0386777 3 8 0
5.6148 1.50955 0.0376444 3 8 0
5.63461 1.51229 0.0366407 3 8 0
5.65443 1.51497 0.0356632 3 8 0
5.67425 1.51761 0.0347136 3 8 0
5.69407 1.52021 0.0337898 3 8 0
5.71391 1.52275 0.0328902 3 8 0
5.73374 1.52525 0.032016 3 8 0
5.75358 1.52771 0.0311657 3 8 0
5.77342 1.53012 0.030338 3 8 0
5.79327 1.53249 0.0295338 3 8 0
5.81312 1.53482 0.0287504 3 8 0
5.83297 1.5371 0.0279891 3 8 0
5.85283 1.53934 0.0272486 3 8 0
5.87269 1.54155 0.0265275 3 8 0
5.89255 1.54373 0.0258259 3 8 0
5.91242 1.54586 0.0251442 3 8 0
5.93229 1.54795 0.02448 3 8 0
5.95216 1.55001 0.0238347 3 8 0
5.97204 1.55203 0.0232064 3 8 0
5.99191 1.55401 0.0225949 3 8 0
6.0118 1.55597 0.0220003 3 8 0
