0.5 0 0 2 1 0
0.52 0 0 1 1 0
0.54 0 0 1 1 0
0.56 0 0 1 1 0
0.58 0 0 1 1 0
0.6 0 0 1 1 0
0.62 0 0 1 1 0
0.64 0 0 1 1 0
0.66 0 0 1 1 0
0.68 0 0 1 1 0
0.7 0 0 1 1 0
0.72 0 0 1 1 0
0.74 0 0 1 1 0
0.76 0 0 1 1 0
0.78 0 0 1 1 0
0.8 0 0 1 1 0
0.82 0 0 1 1 0
0.84 0 0 1 1 0
0.86 0 0 1 1 0
0.88 0 0 1 1 0
0.9 0 0 1 1 0
0.92 0 0 1 1 0
0.94 0 0 1 1 0
0.96 0 0 1 1 0
0.98 0 0 1 1 0
1 0 0 1 1 0
1.02 0 0 1 1 0
1.04 0 0 1 1 0
1.06 0 0 1 1 0
1.08 0 0 1 1 0
1.1 0 0 1 1 0
1.12 0 0 1 1 0
1.14 0 0 1 1 0
1.16 0 0 1 1 0
1.18 0 0 1 1 0
1.2 0 0 1 1 0
1.22 0 0 1 1 0
1.24 0 0 1 1 0
1.26 0 0 1 1 0
1.28 0 0 1 1 0
1.3 0 0 1 1 0
1.32 0 0 1 1 0
1.34 0 0 1 1 0
1.36 0 0 1 1 0
1.38 0 0 1 1 0
1.4 0 0 1 1 0
1.42 0 0 1 1 0
1.44 0 0 1 1 0
1.46 0 0 1 1 0
1.47059 0 0 2 1 0
1.49059 0 0 2 1 0
1.51059 0 0 2 1 0
1.53059 0 0 2 1 0
1.55059 0 0 2 1 0
1.57059 0 0 2 1 0
1.59059 0 0 2 1 0
1.61059 0 0 2 1 0
1.63059 0 0 2 1 0
1.65059 0 0 2 1 0
1.67059 0 0 2 1 0
1.69059 0 0 2 1 0
1.71059 0 0 2 1 0
1.73059 0 0 2 1 0
1.75059 0 0 2 1 0
1.77059 0 0 2 1 0
1.79059 0 0 2 1 0
1.81059 0 0 2 1 0
1.83059 0 0 2 1 0
1.85059 0 0 2 1 0
1.87059 0 0 2 1 0
1.89059 0 0 2 1 0
1.91059 0 0 2 1 0
1.93059 0 0 2 1 0
1.95059 0 0 2 1 0
1.97059 0 0 2 1 0
1.99059 0 0 2 1 0
2.01059 0 0 2 1 0
2.03059 0 0 2 1 0
2.05059 0 0 2 1 0
2.07059 0 0 2 1 0
2.09059 0 0 2 1 0
2.11059 0 0 2 1 0
2.13059 0 0 2 1 0
2.15059 0 0 2 1 0
2.17059 0 0 2 1 0
2.19059 0 0 2 1 0
2.21059 0 0 2 1 0
2.23059 0 0 2 1 0
2.25059 0 0 2 1 0
2.27059 0 0 2 1 0
2.29059 0 0 2 1 0
2.31059 0 0 2 1 0
2.33059 0 0 2 1 0
2.35059 0 0 2 1 0
2.37059 0 0 2 1 0
2.39059 0 0 2 1 0
2.41059 0 0 2 1 0
2.43059 0 0 2 1 0
2.45059 0 0 2 1 0
2.47059 0 0 2 1 0
2.49059 0 0 2 1 0
2.51059 0 0 2 1 0
2.53059 0 0 2 1 0
2.55059 0 0 2 1 0
2.57059 0 0 2 1 0
2.59059 0 0 2 1 0
2.61059 0 0 2 1 0
2.63059 0 0 2 1 0
2.65059 0 0 2 1 0
2.67059 0 0 2 1 0
2.69059 0 0 2 1 0
2.71059 0 0 2 1 0
2.73059 0 0 2 1 0
2.75059 0 0 2 1 0
2.77059 0 0 2 1 0
2.79059 0 0 2 1 0
2.81059 0 0 2 1 0
2.83059 0 0 2 1 0
2.85059 0 0 2 1 0
2.87059 0 0 2 1 0
2.89059 0 0 2 1 0
2.91059 0 0 2 1 0
2.93059 0 0 2 1 0
2.95059 0 0 2 1 0
2.97059 0 0 2 1 0
2.99059 0 0 2 1 0
3.01059 0 0 2 1 0
3.03059 0 0 2 1 0
3.05059 0 0 2 1 0
3.07059 0 0 2 1 0
3.09059 0 0 2 1 0
3.11059 0 0 2 1 0
3.13059 0 0 2 1 0
3.15059 0 0 2 1 0
3.17059 0 0 2 1 0
3.19059 0 0 2 1 0
3.21059 0 0 2 1 0
3.23059 0 0 2 1 0
3.25059 0 0 2 1 0
3.27059 0 0 2 1 0
3.29059 0 0 2 1 0
3.31059 0 0 2 1 0
3.33059 0 0 2 1 0
3.35059 0 0 2 1 0
3.37059 0 0 2 1 0
3.39059 0 0 2 1 0
3.41059 0 0 2 1 0
3.43059 0 0 2 1 0
3.45059 0 0 2 1 0
3.47059 0 0 2 1 0
3.49059 0 0 2 1 0
3.51059 0 0 2 1 0
3.53059 0 0 2 1 0
3.55059 0 0 2 1 0
3.57059 0 0 2 1 0
3.59059 0 0 2 1 0
3.61059 0 0 2 1 0
3.63059 0 0 2 1 0
3.65059 0 0 2 1 0
3.67059 0 0 2 1 0
3.69059 0 0 2 1 0
3.71059 0 0 2 1 0
3.73059 0 0 2 1 0
3.75059 0 0 2 1 0
3.77059 0 0 2 1 0
3.79059 0 0 2 1 0
3.81059 0 0 2 1 0
3.83059 0 0 2 1 0
3.85059 0 0 2 1 0
3.87059 0 0 2 1 0
3.89059 0 0 2 1 0
3.91059 0 0 2 1 0
3.93059 0 0 2 1 0
3.95059 0 0 2 1 0
3.97059 0 0 2 1 0
3.99059 0 0 2 1 0
4.01059 0 0 2 1 0
4.03059 0 0 2 1 0
4.05059 0 0 2 1 0
4.07059 0 0 2 1 0
4.09059 0 0 2 1 0
4.11059 0 0 2 1 0
4.13059 0 0 2 1 0
4.15059 0 0 2 1 0
4.17059 0 0 2 1 0
4.19059 0 0 2 1 0
4.21059 0 0 2 1 0
4.23059 0 0 2 1 0
4.25059 0 0 2 1 0
4.27059 0 0 2 1 0
4.29059 0 0 2 1 0
4.31059 0 0 2 1 0
4.33059 0 0 2 1 0
4.35059 0 0 2 1 0
4.37059 0 0 2 1 0
4.39059 0 0 2 1 0
4.41059 0 0 2 1 0
4.43059 0 0 2 1 0
4.45059 0 0 2 1 0
4.47059 0 0 2 1 0
4.49059 0 0 2 1 0
4.51059 0 0 2 1 0
4.53059 0 0 2 1 0
4.55059 0 0 2 1 0
4.57059 0 0 2 1 0
4.59059 0 0 2 1 0
4.61059 0 0 2 1 0
4.63059 0 0 2 1 0
4.65059 0 0 2 1 0
4.67059 0 0 2 1 0
4.69059 0 0 2 1 0
4.71059 0 0 2 1 0
4.73059 0 0 2 1 0
4.75059 0 0 2 1 0
4.77059 0 0 2 1 0
4.79059 0 0 2 1 0
4.81059 0 0 2 1 0
4.83059 0 0 2 1 0
4.85059 0 0 2 1 0
4.87059 0 0 2 1 0
4.89059 0 0 2 1 0
4.91059 0 0 2 1 0
4.93059 0 0 2 1 0
4.95059 0 0 2 1 0
4.97059 0 0 2 1 0
4.99059 0 0 2 1 0
5.01059 0 0 2 1 0
5.03059 0 0 2 1 0
5.05059 0 0 2 1 0
5.07059 0 0 2 1 0
5.09059 0 0 2 1 0
5.11059 0 0 2 1 0
5.13059 0 0 2 1 0
5.15059 0 0 2 1 0
5.17059 0 0 2 1 0
5.19059 0 0 2 1 0
5.21059 0 0 2 1 0
5.23059 0 0 2 1 0
5.25059 0 0 2 1 0
5.27059 0 0 2 1 0
5.29059 0 0 2 1 0
5.31059 0 0 2 1 0
5.33059 0 0 2 1 0
5.35059 0 0 2 1 0
5.37059 0 0 2 1 0
5.39059 0 0 2 1 0
5.41059 0 0 2 1 0
5.43059 0 0 2 1 0
5.45059 0 0 2 1 0
5.47059 0 0 2 1 0
5.49059 0 0 2 1 0
5.51059 0 0 2 1 0
5.53059 0 0 2 1 0
5.55059 0 0 2 1 0
5.57059 0 0 2 1 0
5.59059 0 0 2 1 0
5.61059 0 0 2 1 0
5.63059 0 0 2 1 0
5.65059 0 0 2 1 0
5.67059 0 0 2 1 0
5.69059 0 0 2 1 0
5.71059 0 0 2 1 0
5.73059 0 0 2 1 0
5.75059 0 0 2 1 0
5.77059 0 0 2 1 0
5.79059 0 0 2 1 0
5.81059 0 0 2 1 0
5.83059 0 0 2 1 0
5.85059 0 0 2 1 0
5.87059 0 0 2 1 0
5.89059 0 0 2 1 0
5.91059 0 0 2 1 0
5.93059 0 0 2 1 0
5.95059 0 0 2 1 0
5.97059 0 0 2 1 0
5.99059 0 0 2 1 0
6.01059 0 0 2 1 0
1.47059 0 0 2 2 0
1.46451 -0.00708571 -0.00708571 2 2 0
1.45936 -0.0131822 -0.0131822 2 2 0
1.45374 -0.0199322 -0.0199322 2 2 0
1.4454 -0.0301424 -0.0301424 2 2 0
1.43543 -0.0426532 -0.0426532 2 2 0
1.42562 -0.0553086 -0.0553086 2 2 0
1.41597 -0.0681055 -0.0681055 2 2 0
1.40646 -0.0810407 -0.0810407 2 2 0
1.39711 -0.0941111 -0.0941111 2 2 0
1.3879 -0.107314 -0.107314 2 2 0
1.37884 -0.120645 -0.120645 2 2 0
1.36992 -0.134103 -0.134103 2 2 0
1.36114 -0.147683 -0.147683 2 2 0
1.3525 -0.161383 -0.161383 2 2 0
1.344 -0.175201 -0.175201 2 2 0
1.33563 -0.189132 -0.189132 2 2 0
1.32739 -0.203175 -0.203175 2 2 0
1.31928 -0.217327 -0.217327 2 2 0
1.3113 -0.231584 -0.231584 2 2 0
1.30345 -0.245945 -0.245945 2 2 0
1.29571 -0.260406 -0.260406 2 2 0
1.2881 -0.274966 -0.274966 2 2 0
1.2806 -0.28962 -0.28962 2 2 0
1.27322 -0.304368 -0.304368 2 2 0
1.26596 -0.319207 -0.319207 2 2 0
1.2588 -0.334134 -0.334134 2 2 0
1.25176 -0.349148 -0.349148 2 2 0
1.24482 -0.364245 -0.364245 2 2 0
1.23798 -0.379424 -0.379424 2 2 0
1.23125 -0.394683 -0.394683 2 2 0
1.22462 -0.41002 -0.41002 2 2 0
1.21809 -0.425433 -0.425433 2 2 0
1.21166 -0.440919 -0.440919 2 2 0
1.20532 -0.456477 -0.456477 2 2 0
1.19907 -0.472106 -0.472106 2 2 0
1.19292 -0.487803 -0.487803 2 2 0
1.18685 -0.503567 -0.503567 2 2 0
1.18088 -0.519396 -0.519396 2 2 0
1.17498 -0.535288 -0.535288 2 2 0
1.16918 -0.551242 -0.551242 2 2 0
1.16345 -0.567257 -0.567257 2 2 0
1.1578 -0.583331 -0.583331 2 2 0
1.15224 -0.599462 -0.599462 2 2 0
1.14675 -0.615649 -0.615649 2 2 0
1.14134 -0.63189 -0.63189 2 2 0
1.136 -0.648186 -0.648186 2 2 0
1.13073 -0.664533 -0.664533 2 2 0
1.12554 -0.680932 -0.680932 2 2 0
1.12041 -0.69738 -0.69738 2 2 0
1.11536 -0.713876 -0.713876 2 2 0
1.11037 -0.730421 -0.730421 2 2 0
1.10545 -0.747011 -0.747011 2 2 0
1.10059 -0.763647 -0.763647 2 2 0
1.09579 -0.780327 -0.780327 2 2 0
1.09106 -0.79705 -0.79705 2 2 0
1.08639 -0.813816 -0.813816 2 2 0
1.08178 -0.830623 -0.830623 2 2 0
1.07722 -0.84747 -0.84747 2 2 0
1.07273 -0.864357 -0.864357 2 2 0
1.06829 -0.881283 -0.881283 2 2 0
1.0639 -0.898246 -0.898246 2 2 0
1.05957 -0.915246 -0.915246 2 2 0
1.05529 -0.932283 -0.932283 2 2 0
1.05107 -0.949355 -0.949355 2 2 0
1.0469 -0.966462 -0.966462 2 2 0
1.04277 -0.983602 -0.983602 2 2 0
1.0387 -1.00078 -1.00078 2 2 0
1.03467 -1.01798 -1.01798 2 2 0
1.03069 -1.03522 -1.03522 2 2 0
1.02676 -1.05249 -1.05249 2 2 0
1.02287 -1.06979 -1.06979 2 2 0
1.01903 -1.08712 -1.08712 2 2 0
1.01523 -1.10448 -1.10448 2 2 0
1.01148 -1.12187 -1.12187 2 2 0
1.00777 -1.13929 -1.13929 2 2 0
1.0041 -1.15673 -1.15673 2 2 0
1.00047 -1.1742 -1.1742 2 2 0
0.996879 -1.1917 -1.1917 2 2 0
0.993329 -1.20923 -1.20923 2 2 0
0.989819 -1.22678 -1.22678 2 2 0
0.986347 -1.24435 -1.24435 2 2 0
0.982912 -1.26195 -1.26195 2 2 0
0.979514 -1.27957 -1.27957 2 2 0
0.976153 -1.29722 -1.29722 2 2 0
0.972827 -1.31489 -1.31489 2 2 0
0.969536 -1.33259 -1.33259 2 2 0
0.966279 -1.3503 -1.3503 2 2 0
0.963056 -1.36804 -1.36804 2 2 0
0.959867 -1.3858 -1.3858 2 2 0
0.95671 -1.40359 -1.40359 2 2 0
0.953586 -1.42139 -1.42139 2 2 0
0.950493 -1.43921 -1.43921 2 2 0
0.947432 -1.45705 -1.45705 2 2 0
0.944401 -1.47492 -1.47492 2 2 0
0.9414 -1.4928 -1.4928 2 2 0
0.938429 -1.5107 -1.5107 2 2 0
0.935487 -1.52862 -1.52862 2 2 0
0.932574 -1.54656 -1.54656 2 2 0
0.929689 -1.56452 -1.56452 2 2 0
0.926832 -1.5825 -1.5825 2 2 0
0.924002 -1.60049 -1.60049 2 2 0
0.921199 -1.6185 -1.6185 2 2 0
0.918423 -1.63653 -1.63653 2 2 0
0.915673 -1.65457 -1.65457 2 2 0
0.912949 -1.67263 -1.67263 2 2 0
0.91025 -1.69071 -1.69071 2 2 0
0.907576 -1.7088 -1.7088 2 2 0
0.904926 -1.72691 -1.72691 2 2 0
0.902301 -1.74504 -1.74504 2 2 0
0.8997 -1.76318 -1.76318 2 2 0
0.897122 -1.78133 -1.78133 2 2 0
0.894567 -1.7995 -1.7995 2 2 0
0.892035 -1.81769 -1.81769 2 2 0
0.889526 -1.83588 -1.83588 2 2 0
0.887039 -1.8541 -1.8541 2 2 0
0.884573 -1.87232 -1.87232 2 2 0
0.882129 -1.89057 -1.89057 2 2 0
0.879707 -1.90882 -1.90882 2 2 0
0.877305 -1.92709 -1.92709 2 2 0
0.874924 -1.94537 -1.94537 2 2 0
0.872563 -1.96366 -1.96366 2 2 0
0.870222 -1.98197 -1.98197 2 2 0
0.867901 -2.00029 -2.00029 2 2 0
0.865599 -2.01862 -2.01862 2 2 0
0.863317 -2.03696 -2.03696 2 2 0
0.861053 -2.05532 -2.05532 2 2 0
0.858808 -2.07368 -2.07368 2 2 0
0.856582 -2.09206 -2.09206 2 2 0
0.854374 -2.11045 -2.11045 2 2 0
0.852184 -2.12886 -2.12886 2 2 0
0.850011 -2.14727 -2.14727 2 2 0
0.847856 -2.16569 -2.16569 2 2 0
0.845718 -2.18413 -2.18413 2 2 0
0.843597 -2.20258 -2.20258 2 2 0
0.841493 -2.22103 -2.22103 2 2 0
0.839406 -2.2395 -2.2395 2 2 0
0.837334 -2.25798 -2.25798 2 2 0
0.835279 -2.27647 -2.27647 2 2 0
0.83324 -2.29497 -2.29497 2 2 0
0.831217 -2.31347 -2.31347 2 2 0
0.829209 -2.33199 -2.33199 2 2 0
0.827216 -2.35052 -2.35052 2 2 0
0.825239 -2.36906 -2.36906 2 2 0
0.823276 -2.38761 -2.38761 2 2 0
0.821328 -2.40616 -2.40616 2 2 0
0.819395 -2.42473 -2.42473 2 2 0
0.817476 -2.4433 -2.4433 2 2 0
0.815572 -2.46189 -2.46189 2 2 0
0.813681 -2.48048 -2.48048 2 2 0
0.811804 -2.49908 -2.49908 2 2 0
0.809941 -2.51769 -2.51769 2 2 0
0.808092 -2.53631 -2.53631 2 2 0
0.806255 -2.55494 -2.55494 2 2 0
0.804432 -2.57357 -2.57357 2 2 0
0.802622 -2.59222 -2.59222 2 2 0
0.800825 -2.61087 -2.61087 2 2 0
0.799041 -2.62953 -2.62953 2 2 0
0.797269 -2.6482 -2.6482 2 2 0
0.79551 -2.66688 -2.66688 2 2 0
0.793763 -2.68556 -2.68556 2 2 0
0.792028 -2.70425 -2.70425 2 2 0
0.790305 -2.72295 -2.72295 2 2 0
0.788594 -2.74166 -2.74166 2 2 0
0.786895 -2.76038 -2.76038 2 2 0
0.785207 -2.7791 -2.7791 2 2 0
0.783531 -2.79783 -2.79783 2 2 0
0.781866 -2.81656 -2.81656 2 2 0
0.780212 -2.83531 -2.83531 2 2 0
0.77857 -2.85406 -2.85406 2 2 0
0.776938 -2.87282 -2.87282 2 2 0
0.775317 -2.89158 -2.89158 2 2 0
0.773707 -2.91035 -2.91035 2 2 0
0.772107 -2.92913 -2.92913 2 2 0
0.770518 -2.94792 -2.94792 2 2 0
0.76894 -2.96671 -2.96671 2 2 0
0.767371 -2.98551 -2.98551 2 2 0
0.765813 -3.00431 -3.00431 2 2 0
0.764265 -3.02312 -3.02312 2 2 0
0.762726 -3.04194 -3.04194 2 2 0
0.761198 -3.06077 -3.06077 2 2 0
0.759679 -3.0796 -3.0796 2 2 0
0.75817 -3.09843 -3.09843 2 2 0
0.75667 -3.11728 -3.11728 2 2 0
0.75518 -3.13612 -3.13612 2 2 0
0.753699 -3.15498 -3.15498 2 2 0
0.752227 -3.17384 -3.17384 2 2 0
0.750764 -3.1927 -3.1927 2 2 0
0.749311 -3.21158 -3.21158 2 2 0
0.747866 -3.23045 -3.23045 2 2 0
0.74643 -3.24934 -3.24934 2 2 0
0.745003 -3.26823 -3.26823 2 2 0
0.743585 -3.28712 -3.28712 2 2 0
0.742175 -3.30602 -3.30602 2 2 0
0.740773 -3.32493 -3.32493 2 2 0
0.73938 -3.34384 -3.34384 2 2 0
0.737995 -3.36276 -3.36276 2 2 0
0.736619 -3.38168 -3.38168 2 2 0
0.735251 -3.4006 -3.4006 2 2 0
0.73389 -3.41954 -3.41954 2 2 0
0.732538 -3.43847 -3.43847 2 2 0
0.731194 -3.45742 -3.45742 2 2 0
0.729857 -3.47636 -3.47636 2 2 0
0.728528 -3.49532 -3.49532 2 2 0
0.727207 -3.51427 -3.51427 2 2 0
0.725893 -3.53324 -3.53324 2 2 0
0.724587 -3.5522 -3.5522 2 2 0
0.723289 -3.57118 -3.57118 2 2 0
0.721998 -3.59015 -3.59015 2 2 0
0.720714 -3.60913 -3.60913 2 2 0
0.719437 -3.62812 -3.62812 2 2 0
0.718168 -3.64711 -3.64711 2 2 0
0.716905 -3.66611 -3.66611 2 2 0
0.71565 -3.68511 -3.68511 2 2 0
0.714402 -3.70411 -3.70411 2 2 0
0.71316 -3.72312 -3.72312 2 2 0
0.711926 -3.74214 -3.74214 2 2 0
0.710698 -3.76115 -3.76115 2 2 0
0.709477 -3.78018 -3.78018 2 2 0
0.708262 -3.7992 -3.7992 2 2 0
0.707054 -3.81823 -3.81823 2 2 0
0.705853 -3.83727 -3.83727 2 2 0
0.704658 -3.85631 -3.85631 2 2 0
0.70347 -3.87535 -3.87535 2 2 0
0.702288 -3.8944 -3.8944 2 2 0
0.701112 -3.91345 -3.91345 2 2 0
0.699943 -3.93251 -3.93251 2 2 0
0.698779 -3.95157 -3.95157 2 2 0
0.697622 -3.97063 -3.97063 2 2 0
0.696471 -3.9897 -3.9897 2 2 0
0.695326 -4.00877 -4.00877 2 2 0
0.694187 -4.02785 -4.02785 2 2 0
0.693054 -4.04693 -4.04693 2 2 0
0.691927 -4.06601 -4.06601 2 2 0
0.690805 -4.0851 -4.0851 2 2 0
0.689689 -4.10419 -4.10419 2 2 0
0.688579 -4.12329 -4.12329 2 2 0
0.687475 -4.14239 -4.14239 2 2 0
0.686376 -4.16149 -4.16149 2 2 0
0.685283 -4.1806 -4.1806 2 2 0
0.684196 -4.19971 -4.19971 2 2 0
0.683114 -4.21882 -4.21882 2 2 0
0.682037 -4.23794 -4.23794 2 2 0
0.680966 -4.25706 -4.25706 2 2 0
0.6799 -4.27618 -4.27618 2 2 0
0.678839 -4.29531 -4.29531 2 2 0
0.677783 -4.31444 -4.31444 2 2 0
0.676733 -4.33357 -4.33357 2 2 0
0.675688 -4.35271 -4.35271 2 2 0
0.674648 -4.37185 -4.37185 2 2 0
0.673613 -4.391 -4.391 2 2 0
0.672584 -4.41015 -4.41015 2 2 0
0.671559 -4.4293 -4.4293 2 2 0
0.670539 -4.44845 -4.44845 2 2 0
0.669524 -4.46761 -4.46761 2 2 0
0.668514 -4.48677 -4.48677 2 2 0
0.667509 -4.50594 -4.50594 2 2 0
0.666508 -4.5251 -4.5251 2 2 0
0.665512 -4.54427 -4.54427 2 2 0
0.664521 -4.56345 -4.56345 2 2 0
0.663535 -4.58262 -4.58262 2 2 0
0.662553 -4.6018 -4.6018 2 2 0
0.661576 -4.62099 -4.62099 2 2 0
0.660604 -4.64017 -4.64017 2 2 0
0.659636 -4.65936 -4.65936 2 2 0
0.658673 -4.67856 -4.67856 2 2 0
0.657714 -4.69775 -4.69775 2 2 0
0.656759 -4.71695 -4.71695 2 2 0
0.655809 -4.73615 -4.73615 2 2 0
0.654863 -4.75535 -4.75535 2 2 0
0.653922 -4.77456 -4.77456 2 2 0
0.652984 -4.79377 -4.79377 2 2 0
0.652052 -4.81298 -4.81298 2 2 0
0.651123 -4.8322 -4.8322 2 2 0
0.650198 -4.85142 -4.85142 2 2 0
0.649278 -4.87064 -4.87064 2 2 0
0.648362 -4.88986 -4.88986 2 2 0
0.64745 -4.90909 -4.90909 2 2 0
0.646542 -4.92832 -4.92832 2 2 0
0.645638 -4.94755 -4.94755 2 2 0
0.644738 -4.96678 -4.96678 2 2 0
0.643842 -4.98602 -4.98602 2 2 0
0.64295 -5.00526 -5.00526 2 2 0
0.642062 -5.0245 -5.0245 2 2 0
0.641177 -5.04375 -5.04375 2 2 0
0.640297 -5.063 -5.063 2 2 0
0.63942 -5.08225 -5.08225 2 2 0
0.638548 -5.1015 -5.1015 2 2 0
0.637679 -5.12076 -5.12076 2 2 0
0.636813 -5.14002 -5.14002 2 2 0
0.635952 -5.15928 -5.15928 2 2 0
0.635094 -5.17854 -5.17854 2 2 0
0.63424 -5.1978 -5.1978 2 2 0
0.633389 -5.21707 -5.21707 2 2 0
0.632543 -5.23634 -5.23634 2 2 0
0.631699 -5.25562 -5.25562 2 2 0
0.63086 -5.27489 -5.27489 2 2 0
0.630023 -5.29417 -5.29417 2 2 0
0.629191 -5.31345 -5.31345 2 2 0
0.628362 -5.33273 -5.33273 2 2 0
0.627536 -5.35202 -5.35202 2 2 0
0.626714 -5.37131 -5.37131 2 2 0
0.625895 -5.3906 -5.3906 2 2 0
0.625079 -5.40989 -5.40989 2 2 0
0.624267 -5.42918 -5.42918 2 2 0
0.623458 -5.44848 -5.44848 2 2 0
0.622653 -5.46778 -5.46778 2 2 0
0.621851 -5.48708 -5.48708 2 2 0
0.621052 -5.50638 -5.50638 2 2 0
0.620256 -5.52569 -5.52569 2 2 0
0.619464 -5.54499 -5.54499 2 2 0
0.618675 -5.5643 -5.5643 2 2 0
0.617889 -5.58362 -5.58362 2 2 0
0.617106 -5.60293 -5.60293 2 2 0
0.616326 -5.62225 -5.62225 2 2 0
0.61555 -5.64157 -5.64157 2 2 0
0.614776 -5.66089 -5.66089 2 2 0
0.614006 -5.68021 -5.68021 2 2 0
0.613238 -5.69953 -5.69953 2 2 0
0.612474 -5.71886 -5.71886 2 2 0
0.611713 -5.73819 -5.73819 2 2 0
0.610955 -5.75752 -5.75752 2 2 0
0.610199 -5.77686 -5.77686 2 2 0
0.609447 -5.79619 -5.79619 2 2 0
0.608698 -5.81553 -5.81553 2 2 0
0.607951 -5.83487 -5.83487 2 2 0
0.607207 -5.85421 -5.85421 2 2 0
0.606467 -5.87355 -5.87355 2 2 0
0.605729 -5.8929 -5.8929 2 2 0
0.604994 -5.91224 -5.91224 2 2 0
0.604262 -5.93159 -5.93159 2 2 0
0.603532 -5.95095 -5.95095 2 2 0
0.602806 -5.9703 -5.9703 2 2 0
0.602082 -5.98965 -5.98965 2 2 0
0.601361 -6.00901 -6.00901 2 2 0
0.600643 -6.02837 -6.02837 2 2 0
0.599927 -6.04773 -6.04773 2 2 0
0.599214 -6.06709 -6.06709 2 2 0
0.598504 -6.08646 -6.08646 2 2 0
0.597796 -6.10582 -6.10582 2 2 0
0.597091 -6.12519 -6.12519 2 2 0
0.596389 -6.14456 -6.14456 2 2 0
0.595689 -6.16393 -6.16393 2 2 0
0.594992 -6.18331 -6.18331 2 2 0
0.594298 -6.20268 -6.20268 2 2 0
0.593606 -6.22206 -6.22206 2 2 0
0.592917 -6.24144 -6.24144 2 2 0
0.59223 -6.26082 -6.26082 2 2 0
0.591546 -6.2802 -6.2802 2 2 0
0.590864 -6.29959 -6.29959 2 2 0
0.590184 -6.31897 -6.31897 2 2 0
0.589508 -6.33836 -6.33836 2 2 0
0.588833 -6.35775 -6.35775 2 2 0
0.588161 -6.37714 -6.37714 2 2 0
0.587492 -6.39653 -6.39653 2 2 0
0.586825 -6.41593 -6.41593 2 2 0
0.58616 -6.43533 -6.43533 2 2 0
0.585498 -6.45472 -6.45472 2 2 0
0.584838 -6.47412 -6.47412 2 2 0
0.58418 -6.49352 -6.49352 2 2 0
0.583525 -6.51293 -6.51293 2 2 0
0.582872 -6.53233 -6.53233 2 2 0
0.582221 -6.55174 -6.55174 2 2 0
0.581573 -6.57115 -6.57115 2 2 0
0.580927 -6.59056 -6.59056 2 2 0
0.580283 -6.60997 -6.60997 2 2 0
0.579641 -6.62938 -6.62938 2 2 0
0.579002 -6.64879 -6.64879 2 2 0
0.578365 -6.66821 -6.66821 2 2 0
0.57773 -6.68763 -6.68763 2 2 0
0.577098 -6.70705 -6.70705 2 2 0
0.576467 -6.72647 -6.72647 2 2 0
0.575839 -6.74589 -6.74589 2 2 0
0.575213 -6.76531 -6.76531 2 2 0
0.574589 -6.78474 -6.78474 2 2 0
0.573967 -6.80416 -6.80416 2 2 0
0.573348 -6.82359 -6.82359 2 2 0
0.57273 -6.84302 -6.84302 2 2 0
0.572115 -6.86245 -6.86245 2 2 0
0.571501 -6.88189 -6.88189 2 2 0
0.57089 -6.90132 -6.90132 2 2 0
0.570281 -6.92076 -6.92076 2 2 0
0.569674 -6.94019 -6.94019 2 2 0
0.569068 -6.95963 -6.95963 2 2 0
0.568465 -6.97907 -6.97907 2 2 0
0.567864 -6.99851 -6.99851 2 2 0
0.567265 -7.01796 -7.01796 2 2 0
0.566668 -7.0374 -7.0374 2 2 0
0.566073 -7.05685 -7.05685 2 2 0
0.56548 -7.07629 -7.07629 2 2 0
0.564889 -7.09574 -7.09574 2 2 0
0.5643 -7.11519 -7.11519 2 2 0
0.563713 -7.13464 -7.13464 2 2 0
0.563127 -7.1541 -7.1541 2 2 0
0.562544 -7.17355 -7.17355 2 2 0
0.561962 -7.19301 -7.19301 2 2 0
0.561383 -7.21246 -7.21246 2 2 0
0.560805 -7.23192 -7.23192 2 2 0
0.560229 -7.25138 -7.25138 2 2 0
0.559656 -7.27084 -7.27084 2 2 0
0.559083 -7.2903 -7.2903 2 2 0
0.558513 -7.30977 -7.30977 2 2 0
0.557945 -7.32923 -7.32923 2 2 0
0.557378 -7.3487 -7.3487 2 2 0
0.556814 -7.36817 -7.36817 2 2 0
0.556251 -7.38764 -7.38764 2 2 0
0.55569 -7.40711 -7.40711 2 2 0
0.55513 -7.42658 -7.42658 2 2 0
0.554573 -7.44605 -7.44605 2 2 0
0.554017 -7.46552 -7.46552 2 2 0
0.553463 -7.485 -7.485 2 2 0
0.552911 -7.50448 -7.50448 2 2 0
0.55236 -7.52395 -7.52395 2 2 0
0.551811 -7.54343 -7.54343 2 2 0
0.551264 -7.56291 -7.56291 2 2 0
0.550719 -7.5824 -7.5824 2 2 0
0.550175 -7.60188 -7.60188 2 2 0
0.549633 -7.62136 -7.62136 2 2 0
0.549093 -7.64085 -7.64085 2 2 0
0.548554 -7.66033 -7.66033 2 2 0
0.548017 -7.67982 -7.67982 2 2 0
0.547482 -7.69931 -7.69931 2 2 0
0.546948 -7.7188 -7.7188 2 2 0
0.546416 -7.73829 -7.73829 2 2 0
0.545886 -7.75779 -7.75779 2 2 0
0.545357 -7.77728 -7.77728 2 2 0
0.54483 -7.79677 -7.79677 2 2 0
0.544305 -7.81627 -7.81627 2 2 0
0.543781 -7.83577 -7.83577 2 2 0
0.543259 -7.85527 -7.85527 2 2 0
0.542738 -7.87477 -7.87477 2 2 0
0.542219 -7.89427 -7.89427 2 2 0
0.541701 -7.91377 -7.91377 2 2 0
0.541185 -7.93327 -7.93327 2 2 0
0.540671 -7.95278 -7.95278 2 2 0
0.540158 -7.97228 -7.97228 2 2 0
0.539646 -7.99179 -7.99179 2 2 0
0.539137 -8.0113 -8.0113 2 2 0
0.538628 -8.0308 -8.0308 2 2 0
0.538121 -8.05031 -8.05031 2 2 0
0.537616 -8.06982 -8.06982 2 2 0
0.537112 -8.08934 -8.08934 2 2 0
0.53661 -8.10885 -8.10885 2 2 0
0.536109 -8.12836 -8.12836 2 2 0
0.53561 -8.14788 -8.14788 2 2 0
0.535112 -8.1674 -8.1674 2 2 0
0.534615 -8.18691 -8.18691 2 2 0
0.53412 -8.20643 -8.20643 2 2 0
0.533627 -8.22595 -8.22595 2 2 0
0.533135 -8.24547 -8.24547 2 2 0
0.532644 -8.26499 -8.26499 2 2 0
0.532155 -8.28452 -8.28452 2 2 0
0.531667 -8.30404 -8.30404 2 2 0
0.531181 -8.32357 -8.32357 2 2 0
0.530696 -8.34309 -8.34309 2 2 0
0.530212 -8.36262 -8.36262 2 2 0
0.52973 -8.38215 -8.38215 2 2 0
0.529249 -8.40168 -8.40168 2 2 0
0.52877 -8.42121 -8.42121 2 2 0
0.528292 -8.44074 -8.44074 2 2 0
0.527815 -8.46027 -8.46027 2 2 0
0.527339 -8.4798 -8.4798 2 2 0
0.526865 -8.49934 -8.49934 2 2 0
0.526393 -8.51887 -8.51887 2 2 0
0.525921 -8.53841 -8.53841 2 2 0
0.525451 -8.55795 -8.55795 2 2 0
0.524983 -8.57748 -8.57748 2 2 0
0.524515 -8.59702 -8.59702 2 2 0
0.524049 -8.61656 -8.61656 2 2 0
0.523585 -8.6361 -8.6361 2 2 0
0.523121 -8.65565 -8.65565 2 2 0
0.522659 -8.67519 -8.67519 2 2 0
0.522198 -8.69473 -8.69473 2 2 0
0.521739 -8.71428 -8.71428 2 2 0
0.52128 -8.73382 -8.73382 2 2 0
0.520823 -8.75337 -8.75337 2 2 0
0.520368 -8.77292 -8.77292 2 2 0
0.519913 -8.79247 -8.79247 2 2 0
0.51946 -8.81202 -8.81202 2 2 0
0.519008 -8.83157 -8.83157 2 2 0
0.518557 -8.85112 -8.85112 2 2 0
0.518107 -8.87067 -8.87067 2 2 0
0.517659 -8.89022 -8.89022 2 2 0
0.517212 -8.90978 -8.90978 2 2 0
0.516766 -8.92933 -8.92933 2 2 0
0.516322 -8.94889 -8.94889 2 2 0
0.515878 -8.96845 -8.96845 2 2 0
0.515436 -8.98801 -8.98801 2 2 0
0.514995 -9.00756 -9.00756 2 2 0
0.514555 -9.02712 -9.02712 2 2 0
0.514116 -9.04669 -9.04669 2 2 0
0.513679 -9.06625 -9.06625 2 2 0
0.513242 -9.08581 -9.08581 2 2 0
0.512807 -9.10537 -9.10537 2 2 0
0.512373 -9.12494 -9.12494 2 2 0
0.511941 -9.1445 -9.1445 2 2 0
0.511509 -9.16407 -9.16407 2 2 0
0.511078 -9.18364 -9.18364 2 2 0
0.510649 -9.2032 -9.2032 2 2 0
0.510221 -9.22277 -9.22277 2 2 0
0.509794 -9.24234 -9.24234 2 2 0
0.509368 -9.26191 -9.26191 2 2 0
0.508943 -9.28148 -9.28148 2 2 0
0.508519 -9.30105 -9.30105 2 2 0
0.508096 -9.32063 -9.32063 2 2 0
0.507675 -9.3402 -9.3402 2 2 0
0.507254 -9.35978 -9.35978 2 2 0
0.506835 -9.37935 -9.37935 2 2 0
0.506417 -9.39893 -9.39893 2 2 0
0.506 -9.4185 -9.4185 2 2 0
0.505583 -9.43808 -9.43808 2 2 0
0.505168 -9.45766 -9.45766 2 2 0
0.504755 -9.47724 -9.47724 2 2 0
0.504342 -9.49682 -9.49682 2 2 0
0.50393 -9.5164 -9.5164 2 2 0
0.503519 -9.53598 -9.53598 2 2 0
0.503109 -9.55557 -9.55557 2 2 0
0.502701 -9.57515 -9.57515 2 2 0
0.502293 -9.59474 -9.59474 2 2 0
0.501887 -9.61432 -9.61432 2 2 0
0.501481 -9.63391 -9.63391 2 2 0
0.501077 -9.65349 -9.65349 2 2 0
0.500673 -9.67308 -9.67308 2 2 0
0.500271 -9.69267 -9.69267 2 2 0
0.499869 -9.71226 -9.71226 2 2 0
0.499469 -9.73185 -9.73185 2 2 0
0.49907 -9.75144 -9.75144 2 2 0
0.498671 -9.77103 -9.77103 2 2 0
0.498274 -9.79062 -9.79062 2 2 0
0.497878 -9.81022 -9.81022 2 2 0
0.497482 -9.82981 -9.82981 2 2 0
0.497088 -9.8494 -9.8494 2 2 0
0.496694 -9.869 -9.869 2 2 0
0.496302 -9.8886 -9.8886 2 2 0
0.495911 -9.90819 -9.90819 2 2 0
0.49552 -9.92779 -9.92779 2 2 0
0.495131 -9.94739 -9.94739 2 2 0
0.494742 -9.96699 -9.96699 2 2 0
0.494354 -9.98659 -9.98659 2 2 0
0.493968 -10.0062 -10.0062 2 2 0
0.493582 -10.0258 -10.0258 2 2 0
0.493197 -10.0454 -10.0454 2 2 0
0.492814 -10.065 -10.065 2 2 0
0.492431 -10.0846 -10.0846 2 2 0
0.492049 -10.1042 -10.1042 2 2 0
0.491668 -10.1238 -10.1238 2 2 0
0.491288 -10.1434 -10.1434 2 2 0
0.490909 -10.163 -10.163 2 2 0
0.49053 -10.1826 -10.1826 2 2 0
0.490153 -10.2022 -10.2022 2 2 0
0.489777 -10.2218 -10.2218 2 2 0
0.489401 -10.2415 -10.2415 2 2 0
0.489027 -10.2611 -10.2611 2 2 0
0.488653 -10.2807 -10.2807 2 2 0
0.48828 -10.3003 -10.3003 2 2 0
0.487908 -10.3199 -10.3199 2 2 0
0.487537 -10.3395 -10.3395 2 2 0
0.487167 -10.3591 -10.3591 2 2 0
0.486798 -10.3787 -10.3787 2 2 0
0.48643 -10.3984 -10.3984 2 2 0
0.486062 -10.418 -10.418 2 2 0
0.485696 -10.4376 -10.4376 2 2 0
0.48533 -10.4572 -10.4572 2 2 0
0.484965 -10.4768 -10.4768 2 2 0
0.484601 -10.4964 -10.4964 2 2 0
0.484238 -10.5161 -10.5161 2 2 0
0.483876 -10.5357 -10.5357 2 2 0
0.483515 -10.5553 -10.5553 2 2 0
0.483154 -10.5749 -10.5749 2 2 0
0.482794 -10.5945 -10.5945 2 2 0
0.482435 -10.6142 -10.6142 2 2 0
0.482077 -10.6338 -10.6338 2 2 0
0.48172 -10.6534 -10.6534 2 2 0
0.481364 -10.673 -10.673 2 2 0
0.481008 -10.6927 -10.6927 2 2 0
0.480654 -10.7123 -10.7123 2 2 0
0.4803 -10.7319 -10.7319 2 2 0
0.479947 -10.7515 -10.7515 2 2 0
0.479594 -10.7712 -10.7712 2 2 0
0.479243 -10.7908 -10.7908 2 2 0
0.478892 -10.8104 -10.8104 2 2 0
0.478543 -10.83 -10.83 2 2 0
0.478194 -10.8497 -10.8497 2 2 0
0.477845 -10.8693 -10.8693 2 2 0
0.477498 -10.8889 -10.8889 2 2 0
0.477151 -10.9086 -10.9086 2 2 0
0.476806 -10.9282 -10.9282 2 2 0
0.476461 -10.9478 -10.9478 2 2 0
0.476116 -10.9675 -10.9675 2 2 0
0.475773 -10.9871 -10.9871 2 2 0
0.47543 -11.0067 -11.0067 2 2 0
0.475088 -11.0264 -11.0264 2 2 0
0.474747 -11.046 -11.046 2 2 0
0.474407 -11.0657 -11.0657 2 2 0
0.474067 -11.0853 -11.0853 2 2 0
0.473728 -11.1049 -11.1049 2 2 0
0.47339 -11.1246 -11.1246 2 2 0
0.473053 -11.1442 -11.1442 2 2 0
0.472716 -11.1638 -11.1638 2 2 0
0.47238 -11.1835 -11.1835 2 2 0
0.472045 -11.2031 -11.2031 2 2 0
0.471711 -11.2228 -11.2228 2 2 0
0.471377 -11.2424 -11.2424 2 2 0
0.471045 -11.2621 -11.2621 2 2 0
0.470713 -11.2817 -11.2817 2 2 0
0.470381 -11.3013 -11.3013 2 2 0
0.470051 -11.321 -11.321 2 2 0
0.469721 -11.3406 -11.3406 2 2 0
0.469392 -11.3603 -11.3603 2 2 0
0.469063 -11.3799 -11.3799 2 2 0
0.468735 -11.3996 -11.3996 2 2 0
0.468408 -11.4192 -11.4192 2 2 0
0.468082 -11.4389 -11.4389 2 2 0
0.467757 -11.4585 -11.4585 2 2 0
0.467432 -11.4782 -11.4782 2 2 0
0.467108 -11.4978 -11.4978 2 2 0
0.466784 -11.5175 -11.5175 2 2 0
0.466461 -11.5371 -11.5371 2 2 0
0.466139 -11.5568 -11.5568 2 2 0
0.465818 -11.5764 -11.5764 2 2 0
0.465497 -11.5961 -11.5961 2 2 0
0.465177 -11.6157 -11.6157 2 2 0
0.464858 -11.6354 -11.6354 2 2 0
0.46454 -11.655 -11.655 2 2 0
0.464222 -11.6747 -11.6747 2 2 0
0.463904 -11.6943 -11.6943 2 2 0
0.463588 -11.714 -11.714 2 2 0
0.463272 -11.7337 -11.7337 2 2 0
0.462957 -11.7533 -11.7533 2 2 0
0.462642 -11.773 -11.773 2 2 0
0.462329 -11.7926 -11.7926 2 2 0
0.462016 -11.8123 -11.8123 2 2 0
0.461703 -11.8319 -11.8319 2 2 0
0.461391 -11.8516 -11.8516 2 2 0
0.46108 -11.8713 -11.8713 2 2 0
0.46077 -11.8909 -11.8909 2 2 0
0.46046 -11.9106 -11.9106 2 2 0
0.460151 -11.9303 -11.9303 2 2 0
0.459842 -11.9499 -11.9499 2 2 0
0.459534 -11.9696 -11.9696 2 2 0
0.459227 -11.9892 -11.9892 2 2 0
0.45892 -12.0089 -12.0089 2 2 0
0.458614 -12.0286 -12.0286 2 2 0
0.458309 -12.0482 -12.0482 2 2 0
0.458004 -12.0679 -12.0679 2 2 0
0.4577 -12.0876 -12.0876 2 2 0
0.457397 -12.1072 -12.1072 2 2 0
0.457094 -12.1269 -12.1269 2 2 0
0.456792 -12.1466 -12.1466 2 2 0
0.45649 -12.1662 -12.1662 2 2 0
0.45619 -12.1859 -12.1859 2 2 0
0.455889 -12.2056 -12.2056 2 2 0
0.45559 -12.2252 -12.2252 2 2 0
0.455291 -12.2449 -12.2449 2 2 0
0.454992 -12.2646 -12.2646 2 2 0
0.454694 -12.2843 -12.2843 2 2 0
0.454397 -12.3039 -12.3039 2 2 0
0.454101 -12.3236 -12.3236 2 2 0
0.453805 -12.3433 -12.3433 2 2 0
0.453509 -12.3629 -12.3629 2 2 0
0.453215 -12.3826 -12.3826 2 2 0
0.45292 -12.4023 -12.4023 2 2 0
0.452627 -12.422 -12.422 2 2 0
0.452334 -12.4416 -12.4416 2 2 0
0.452042 -12.4613 -12.4613 2 2 0
0.45175 -12.481 -12.481 2 2 0
0.451459 -12.5007 -12.5007 2 2 0
0.451168 -12.5204 -12.5204 2 2 0
0.450878 -12.54 -12.54 2 2 0
0.450589 -12.5597 -12.5597 2 2 0
0.4503 -12.5794 -12.5794 2 2 0
0.450012 -12.5991 -12.5991 2 2 0
0.449724 -12.6187 -12.6187 2 2 0
0.449437 -12.6384 -12.6384 2 2 0
0.44915 -12.6581 -12.6581 2 2 0
0.448864 -12.6778 -12.6778 2 2 0
0.448579 -12.6975 -12.6975 2 2 0
0.448294 -12.7172 -12.7172 2 2 0
0.44801 -12.7368 -12.7368 2 2 0
0.447726 -12.7565 -12.7565 2 2 0
0.447443 -12.7762 -12.7762 2 2 0
0.44716 -12.7959 -12.7959 2 2 0
0.446878 -12.8156 -12.8156 2 2 0
0.446597 -12.8353 -12.8353 2 2 0
0.446316 -12.8549 -12.8549 2 2 0
0.446036 -12.8746 -12.8746 2 2 0
0.445756 -12.8943 -12.8943 2 2 0
0.445477 -12.914 -12.914 2 2 0
0.445198 -12.9337 -12.9337 2 2 0
0.44492 -12.9534 -12.9534 2 2 0
0.444642 -12.9731 -12.9731 2 2 0
0.444365 -12.9928 -12.9928 2 2 0
0.444089 -13.0124 -13.0124 2 2 0
0.443813 -13.0321 -13.0321 2 2 0
0.443538 -13.0518 -13.0518 2 2 0
0.443263 -13.0715 -13.0715 2 2 0
0.442988 -13.0912 -13.0912 2 2 0
0.442715 -13.1109 -13.1109 2 2 0
0.442441 -13.1306 -13.1306 2 2 0
0.442169 -13.1503 -13.1503 2 2 0
0.441896 -13.17 -13.17 2 2 0
0.441625 -13.1897 -13.1897 2 2 0
0.441353 -13.2094 -13.2094 2 2 0
0.441083 -13.229 -13.229 2 2 0
0.440813 -13.2487 -13.2487 2 2 0
0.440543 -13.2684 -13.2684 2 2 0
0.440274 -13.2881 -13.2881 2 2 0
0.440005 -13.3078 -13.3078 2 2 0
0.439737 -13.3275 -13.3275 2 2 0
0.43947 -13.3472 -13.3472 2 2 0
0.439203 -13.3669 -13.3669 2 2 0
0.438936 -13.3866 -13.3866 2 2 0
0.43867 -13.4063 -13.4063 2 2 0
0.438405 -13.426 -13.426 2 2 0
0.43814 -13.4457 -13.4457 2 2 0
0.437875 -13.4654 -13.4654 2 2 0
0.437611 -13.4851 -13.4851 2 2 0
0.437347 -13.5048 -13.5048 2 2 0
0.437084 -13.5245 -13.5245 2 2 0
0.436822 -13.5442 -13.5442 2 2 0
0.43656 -13.5639 -13.5639 2 2 0
0.436298 -13.5836 -13.5836 2 2 0
0.436037 -13.6033 -13.6033 2 2 0
0.435777 -13.623 -13.623 2 2 0
0.435517 -13.6427 -13.6427 2 2 0
0.435257 -13.6624 -13.6624 2 2 0
0.434998 -13.6821 -13.6821 2 2 0
0.434739 -13.7018 -13.7018 2 2 0
0.434481 -13.7215 -13.7215 2 2 0
0.434224 -13.7412 -13.7412 2 2 0
0.433966 -13.7609 -13.7609 2 2 0
0.43371 -13.7806 -13.7806 2 2 0
0.433454 -13.8004 -13.8004 2 2 0
0.433198 -13.8201 -13.8201 2 2 0
0.432942 -13.8398 -13.8398 2 2 0
0.432688 -13.8595 -13.8595 2 2 0
0.432433 -13.8792 -13.8792 2 2 0
0.432179 -13.8989 -13.8989 2 2 0
0.431926 -13.9186 -13.9186 2 2 0
0.431673 -13.9383 -13.9383 2 2 0
0.431421 -13.958 -13.958 2 2 0
0.431169 -13.9777 -13.9777 2 2 0
0.430917 -13.9974 -13.9974 2 2 0
0.430666 -14.0171 -14.0171 2 2 0
0.430415 -14.0369 -14.0369 2 2 0
0.430165 -14.0566 -14.0566 2 2 0
0.429916 -14.0763 -14.0763 2 2 0
0.429666 -14.096 -14.096 2 2 0
0.429418 -14.1157 -14.1157 2 2 0
0.429169 -14.1354 -14.1354 2 2 0
0.428921 -14.1551 -14.1551 2 2 0
0.428674 -14.1748 -14.1748 2 2 0
0.428427 -14.1946 -14.1946 2 2 0
0.42818 -14.2143 -14.2143 2 2 0
0.427934 -14.234 -14.234 2 2 0
0.427688 -14.2537 -14.2537 2 2 0
0.427443 -14.2734 -14.2734 2 2 0
0.427198 -14.2931 -14.2931 2 2 0
0.426954 -14.3128 -14.3128 2 2 0
0.42671 -14.3326 -14.3326 2 2 0
0.426467 -14.3523 -14.3523 2 2 0
0.426224 -14.372 -14.372 2 2 0
0.425981 -14.3917 -14.3917 2 2 0
0.425739 -14.4114 -14.4114 2 2 0
0.425497 -14.4311 -14.4311 2 2 0
0.425256 -14.4509 -14.4509 2 2 0
0.425015 -14.4706 -14.4706 2 2 0
0.424774 -14.4903 -14.4903 2 2 0
0.424534 -14.51 -14.51 2 2 0
0.424295 -14.5297 -14.5297 2 2 0
0.424056 -14.5495 -14.5495 2 2 0
0.423817 -14.5692 -14.5692 2 2 0
0.423579 -14.5889 -14.5889 2 2 0
0.423341 -14.6086 -14.6086 2 2 0
0.423103 -14.6284 -14.6284 2 2 0
0.422866 -14.6481 -14.6481 2 2 0
0.422629 -14.6678 -14.6678 2 2 0
0.422393 -14.6875 -14.6875 2 2 0
0.422157 -14.7072 -14.7072 2 2 0
0.421922 -14.727 -14.727 2 2 0
0.421687 -14.7467 -14.7467 2 2 0
0.421452 -14.7664 -14.7664 2 2 0
0.421218 -14.7861 -14.7861 2 2 0
0.420984 -14.8059 -14.8059 2 2 0
0.420751 -14.8256 -14.8256 2 2 0
0.420518 -14.8453 -14.8453 2 2 0
0.420285 -14.865 -14.865 2 2 0
0.420053 -14.8848 -14.8848 2 2 0
0.419821 -14.9045 -14.9045 2 2 0
0.41959 -14.9242 -14.9242 2 2 0
0.419359 -14.944 -14.944 2 2 0
0.419128 -14.9637 -14.9637 2 2 0
0.418898 -14.9834 -14.9834 2 2 0
0.418668 -15.0031 -15.0031 2 2 0
0.418439 -15.0229 -15.0229 2 2 0
0.41821 -15.0426 -15.0426 2 2 0
0.417982 -15.0623 -15.0623 2 2 0
0.417753 -15.0821 -15.0821 2 2 0
0.417525 -15.1018 -15.1018 2 2 0
0.417298 -15.1215 -15.1215 2 2 0
0.417071 -15.1412 -15.1412 2 2 0
0.416844 -15.161 -15.161 2 2 0
0.416618 -15.1807 -15.1807 2 2 0
0.416392 -15.2004 -15.2004 2 2 0
0.416167 -15.2202 -15.2202 2 2 0
0.415942 -15.2399 -15.2399 2 2 0
0.415717 -15.2596 -15.2596 2 2 0
0.415492 -15.2794 -15.2794 2 2 0
0.415269 -15.2991 -15.2991 2 2 0
0.415045 -15.3188 -15.3188 2 2 0
0.414822 -15.3386 -15.3386 2 2 0
0.414599 -15.3583 -15.3583 2 2 0
0.414376 -15.378 -15.378 2 2 0
0.414154 -15.3978 -15.3978 2 2 0
0.413933 -15.4175 -15.4175 2 2 0
0.413711 -15.4373 -15.4373 2 2 0
0.41349 -15.457 -15.457 2 2 0
0.41327 -15.4767 -15.4767 2 2 0
0.413049 -15.4965 -15.4965 2 2 0
0.412829 -15.5162 -15.5162 2 2 0
0.41261 -15.5359 -15.5359 2 2 0
0.412391 -15.5557 -15.5557 2 2 0
0.412172 -15.5754 -15.5754 2 2 0
0.411954 -15.5952 -15.5952 2 2 0
0.411736 -15.6149 -15.6149 2 2 0
0.411518 -15.6346 -15.6346 2 2 0
0.4113 -15.6544 -15.6544 2 2 0
0.411083 -15.6741 -15.6741 2 2 0
0.410867 -15.6938 -15.6938 2 2 0
0.410651 -15.7136 -15.7136 2 2 0
0.410435 -15.7333 -15.7333 2 2 0
0.410219 -15.7531 -15.7531 2 2 0
0.410004 -15.7728 -15.7728 2 2 0
0.409789 -15.7926 -15.7926 2 2 0
0.409575 -15.8123 -15.8123 2 2 0
0.40936 -15.832 -15.832 2 2 0
0.409147 -15.8518 -15.8518 2 2 0
0.408933 -15.8715 -15.8715 2 2 0
0.40872 -15.8913 -15.8913 2 2 0
0.408507 -15.911 -15.911 2 2 0
0.408295 -15.9308 -15.9308 2 2 0
0.408083 -15.9505 -15.9505 2 2 0
0.407871 -15.9702 -15.9702 2 2 0
0.40766 -15.99 -15.99 2 2 0
0.407449 -16.0097 -16.0097 2 2 0
0.407238 -16.0295 -16.0295 2 2 0
0.407028 -16.0492 -16.0492 2 2 0
0.406818 -16.069 -16.069 2 2 0
0.406608 -16.0887 -16.0887 2 2 0
0.406399 -16.1085 -16.1085 2 2 0
0.40619 -16.1282 -16.1282 2 2 0
0.405981 -16.148 -16.148 2 2 0
0.405773 -16.1677 -16.1677 2 2 0
0.405565 -16.1875 -16.1875 2 2 0
0.405357 -16.2072 -16.2072 2 2 0
0.40515 -16.2269 -16.2269 2 2 0
0.404943 -16.2467 -16.2467 2 2 0
0.404736 -16.2664 -16.2664 2 2 0
0.40453 -16.2862 -16.2862 2 2 0
0.404324 -16.3059 -16.3059 2 2 0
0.404118 -16.3257 -16.3257 2 2 0
0.403913 -16.3454 -16.3454 2 2 0
0.403708 -16.3652 -16.3652 2 2 0
0.403503 -16.3849 -16.3849 2 2 0
0.403299 -16.4047 -16.4047 2 2 0
0.403095 -16.4244 -16.4244 2 2 0
0.402891 -16.4442 -16.4442 2 2 0
0.402688 -16.464 -16.464 2 2 0
0.402485 -16.4837 -16.4837 2 2 0
0.402282 -16.5035 -16.5035 2 2 0
0.402079 -16.5232 -16.5232 2 2 0
0.401877 -16.543 -16.543 2 2 0
0.401676 -16.5627 -16.5627 2 2 0
0.401474 -16.5825 -16.5825 2 2 0
0.401273 -16.6022 -16.6022 2 2 0
0.401072 -16.622 -16.622 2 2 0
0.400871 -16.6417 -16.6417 2 2 0
0.400671 -16.6615 -16.6615 2 2 0
0.400471 -16.6812 -16.6812 2 2 0
0.400272 -16.701 -16.701 2 2 0
0.400072 -16.7208 -16.7208 2 2 0
0.399873 -16.7405 -16.7405 2 2 0
0.399675 -16.7603 -16.7603 2 2 0
0.399476 -16.78 -16.78 2 2 0
0.399278 -16.7998 -16.7998 2 2 0
0.399081 -16.8195 -16.8195 2 2 0
0.398883 -16.8393 -16.8393 2 2 0
0.398686 -16.859 -16.859 2 2 0
0.398489 -16.8788 -16.8788 2 2 0
0.398293 -16.8986 -16.8986 2 2 0
0.398096 -16.9183 -16.9183 2 2 0
0.397901 -16.9381 -16.9381 2 2 0
0.397705 -16.9578 -16.9578 2 2 0
0.39751 -16.9776 -16.9776 2 2 0
0.397315 -16.9974 -16.9974 2 2 0
0.39712 -17.0171 -17.0171 2 2 0
0.396925 -17.0369 -17.0369 2 2 0
0.396731 -17.0566 -17.0566 2 2 0
0.396538 -17.0764 -17.0764 2 2 0
0.396344 -17.0962 -17.0962 2 2 0
0.396151 -17.1159 -17.1159 2 2 0
0.395958 -17.1357 -17.1357 2 2 0
0.395765 -17.1554 -17.1554 2 2 0
0.395573 -17.1752 -17.1752 2 2 0
0.395381 -17.195 -17.195 2 2 0
0.395189 -17.2147 -17.2147 2 2 0
0.394997 -17.2345 -17.2345 2 2 0
0.394806 -17.2543 -17.2543 2 2 0
0.394615 -17.274 -17.274 2 2 0
0.394425 -17.2938 -17.2938 2 2 0
0.394234 -17.3135 -17.3135 2 2 0
0.394044 -17.3333 -17.3333 2 2 0
0.393855 -17.3531 -17.3531 2 2 0
0.393665 -17.3728 -17.3728 2 2 0
0.393476 -17.3926 -17.3926 2 2 0
0.393287 -17.4124 -17.4124 2 2 0
0.393098 -17.4321 -17.4321 2 2 0
0.39291 -17.4519 -17.4519 2 2 0
0.392722 -17.4717 -17.4717 2 2 0
0.392534 -17.4914 -17.4914 2 2 0
0.392347 -17.5112 -17.5112 2 2 0
0.39216 -17.531 -17.531 2 2 0
0.391973 -17.5507 -17.5507 2 2 0
0.391786 -17.5705 -17.5705 2 2 0
0.3916 -17.5903 -17.5903 2 2 0
0.391414 -17.61 -17.61 2 2 0
0.391228 -17.6298 -17.6298 2 2 0
0.391042 -17.6496 -17.6496 2 2 0
0.390857 -17.6693 -17.6693 2 2 0
0.390672 -17.6891 -17.6891 2 2 0
0.390487 -17.7089 -17.7089 2 2 0
0.390303 -17.7286 -17.7286 2 2 0
0.390119 -17.7484 -17.7484 2 2 0
0.389935 -17.7682 -17.7682 2 2 0
0.389751 -17.7879 -17.7879 2 2 0
0.389568 -17.8077 -17.8077 2 2 0
0.389385 -17.8275 -17.8275 2 2 0
0.389202 -17.8473 -17.8473 2 2 0
0.389019 -17.867 -17.867 2 2 0
0.388837 -17.8868 -17.8868 2 2 0
0.388655 -17.9066 -17.9066 2 2 0
0.388473 -17.9263 -17.9263 2 2 0
0.388292 -17.9461 -17.9461 2 2 0
0.38811 -17.9659 -17.9659 2 2 0
0.387929 -17.9857 -17.9857 2 2 0
0.387749 -18.0054 -18.0054 2 2 0
0.387568 -18.0252 -18.0252 2 2 0
0.387388 -18.045 -18.045 2 2 0
0.387208 -18.0647 -18.0647 2 2 0
0.387028 -18.0845 -18.0845 2 2 0
0.386849 -18.1043 -18.1043 2 2 0
0.38667 -18.1241 -18.1241 2 2 0
0.386491 -18.1438 -18.1438 2 2 0
0.386312 -18.1636 -18.1636 2 2 0
0.386134 -18.1834 -18.1834 2 2 0
0.385956 -18.2032 -18.2032 2 2 0
0.385778 -18.2229 -18.2229 2 2 0
0.385601 -18.2427 -18.2427 2 2 0
0.385423 -18.2625 -18.2625 2 2 0
0.385246 -18.2823 -18.2823 2 2 0
0.385069 -18.302 -18.302 2 2 0
0.384893 -18.3218 -18.3218 2 2 0
0.384716 -18.3416 -18.3416 2 2 0
0.38454 -18.3614 -18.3614 2 2 0
0.384365 -18.3811 -18.3811 2 2 0
0.384189 -18.4009 -18.4009 2 2 0
0.384014 -18.4207 -18.4207 2 2 0
0.383839 -18.4405 -18.4405 2 2 0
0.383664 -18.4603 -18.4603 2 2 0
0.383489 -18.48 -18.48 2 2 0
0.383315 -18.4998 -18.4998 2 2 0
0.383141 -18.5196 -18.5196 2 2 0
0.382967 -18.5394 -18.5394 2 2 0
0.382793 -18.5592 -18.5592 2 2 0
0.38262 -18.5789 -18.5789 2 2 0
0.382447 -18.5987 -18.5987 2 2 0
0.382274 -18.6185 -18.6185 2 2 0
0.382102 -18.6383 -18.6383 2 2 0
0.381929 -18.6581 -18.6581 2 2 0
0.381757 -18.6778 -18.6778 2 2 0
0.381585 -18.6976 -18.6976 2 2 0
0.381414 -18.7174 -18.7174 2 2 0
0.381242 -18.7372 -18.7372 2 2 0
0.381071 -18.757 -18.757 2 2 0
0.3809 -18.7767 -18.7767 2 2 0
0.380729 -18.7965 -18.7965 2 2 0
0.380559 -18.8163 -18.8163 2 2 0
0.380389 -18.8361 -18.8361 2 2 0
0.380219 -18.8559 -18.8559 2 2 0
0.380049 -18.8756 -18.8756 2 2 0
0.37988 -18.8954 -18.8954 2 2 0
0.37971 -18.9152 -18.9152 2 2 0
0.379541 -18.935 -18.935 2 2 0
0.379373 -18.9548 -18.9548 2 2 0
0.379204 -18.9746 -18.9746 2 2 0
0.379036 -18.9943 -18.9943 2 2 0
0.378868 -19.0141 -19.0141 2 2 0
0.3787 -19.0339 -19.0339 2 2 0
0.378532 -19.0537 -19.0537 2 2 0
0.378365 -19.0735 -19.0735 2 2 0
0.378198 -19.0933 -19.0933 2 2 0
0.378031 -19.1131 -19.1131 2 2 0
0.377864 -19.1328 -19.1328 2 2 0
0.377698 -19.1526 -19.1526 2 2 0
0.377531 -19.1724 -19.1724 2 2 0
0.377365 -19.1922 -19.1922 2 2 0
0.3772 -19.212 -19.212 2 2 0
0.377034 -19.2318 -19.2318 2 2 0
0.376869 -19.2516 -19.2516 2 2 0
0.376704 -19.2713 -19.2713 2 2 0
0.376539 -19.2911 -19.2911 2 2 0
0.376374 -19.3109 -19.3109 2 2 0
0.37621 -19.3307 -19.3307 2 2 0
0.376045 -19.3505 -19.3505 2 2 0
0.375881 -19.3703 -19.3703 2 2 0
0.375718 -19.3901 -19.3901 2 2 0
0.375554 -19.4099 -19.4099 2 2 0
0.375391 -19.4296 -19.4296 2 2 0
0.375228 -19.4494 -19.4494 2 2 0
0.375065 -19.4692 -19.4692 2 2 0
0.374902 -19.489 -19.489 2 2 0
0.37474 -19.5088 -19.5088 2 2 0
0.374578 -19.5286 -19.5286 2 2 0
0.374416 -19.5484 -19.5484 2 2 0
0.374254 -19.5682 -19.5682 2 2 0
0.374092 -19.588 -19.588 2 2 0
0.373931 -19.6078 -19.6078 2 2 0
0.37377 -19.6275 -19.6275 2 2 0
0.373609 -19.6473 -19.6473 2 2 0
0.373448 -19.6671 -19.6671 2 2 0
0.373288 -19.6869 -19.6869 2 2 0
0.373128 -19.7067 -19.7067 2 2 0
0.372968 -19.7265 -19.7265 2 2 0
0.372808 -19.7463 -19.7463 2 2 0
0.372648 -19.7661 -19.7661 2 2 0
0.372489 -19.7859 -19.7859 2 2 0
0.37233 -19.8057 -19.8057 2 2 0
0.372171 -19.8255 -19.8255 2 2 0
0.372012 -19.8453 -19.8453 2 2 0
0.371853 -19.865 -19.865 2 2 0
0.371695 -19.8848 -19.8848 2 2 0
0.371537 -19.9046 -19.9046 2 2 0
0.371379 -19.9244 -19.9244 2 2 0
0.371221 -19.9442 -19.9442 2 2 0
0.371064 -19.964 -19.964 2 2 0
0.370906 -19.9838 -19.9838 2 2 0
0.370749 -20.0036 -20.0036 2 2 0
0.370592 -20.0234 -20.0234 2 2 0
0.370436 -20.0432 -20.0432 2 2 0
0.370279 -20.063 -20.063 2 2 0
0.370123 -20.0828 -20.0828 2 2 0
0.369967 -20.1026 -20.1026 2 2 0
0.369811 -20.1224 -20.1224 2 2 0
0.369656 -20.1422 -20.1422 2 2 0
0.3695 -20.162 -20.162 2 2 0
0.369345 -20.1818 -20.1818 2 2 0
0.36919 -20.2016 -20.2016 2 2 0
0.369035 -20.2214 -20.2214 2 2 0
0.36888 -20.2412 -20.2412 2 2 0
0.368726 -20.2609 -20.2609 2 2 0
0.368572 -20.2807 -20.2807 2 2 0
0.368418 -20.3005 -20.3005 2 2 0
0.368264 -20.3203 -20.3203 2 2 0
0.36811 -20.3401 -20.3401 2 2 0
0.367957 -20.3599 -20.3599 2 2 0
0.367804 -20.3797 -20.3797 2 2 0
0.367651 -20.3995 -20.3995 2 2 0
0.367498 -20.4193 -20.4193 2 2 0
0.367345 -20.4391 -20.4391 2 2 0
0.367193 -20.4589 -20.4589 2 2 0
0.367041 -20.4787 -20.4787 2 2 0
0.366889 -20.4985 -20.4985 2 2 0
0.366737 -20.5183 -20.5183 2 2 0
0.366585 -20.5381 -20.5381 2 2 0
0.366434 -20.5579 -20.5579 2 2 0
0.366282 -20.5777 -20.5777 2 2 0
0.366131 -20.5975 -20.5975 2 2 0
0.36598 -20.6173 -20.6173 2 2 0
0.36583 -20.6371 -20.6371 2 2 0
0.365679 -20.6569 -20.6569 2 2 0
0.365529 -20.6767 -20.6767 2 2 0
0.365379 -20.6965 -20.6965 2 2 0
0.365229 -20.7163 -20.7163 2 2 0
0.365079 -20.7361 -20.7361 2 2 0
0.36493 -20.7559 -20.7559 2 2 0
0.36478 -20.7757 -20.7757 2 2 0
0.364631 -20.7955 -20.7955 2 2 0
0.364482 -20.8153 -20.8153 2 2 0
0.364334 -20.8351 -20.8351 2 2 0
0.364185 -20.8549 -20.8549 2 2 0
0.364037 -20.8747 -20.8747 2 2 0
0.363889 -20.8946 -20.8946 2 2 0
0.363741 -20.9144 -20.9144 2 2 0
0.363593 -20.9342 -20.9342 2 2 0
0.363445 -20.954 -20.954 2 2 0
0.363298 -20.9738 -20.9738 2 2 0
0.36315 -20.9936 -20.9936 2 2 0
0.363003 -21.0134 -21.0134 2 2 0
0.362856 -21.0332 -21.0332 2 2 0
0.36271 -21.053 -21.053 2 2 0
0.362563 -21.0728 -21.0728 2 2 0
0.362417 -21.0926 -21.0926 2 2 0
0.362271 -21.1124 -21.1124 2 2 0
0.362125 -21.1322 -21.1322 2 2 0
0.361979 -21.152 -21.152 2 2 0
0.361833 -21.1718 -21.1718 2 2 0
0.361688 -21.1916 -21.1916 2 2 0
0.361543 -21.2114 -21.2114 2 2 0
0.361398 -21.2312 -21.2312 2 2 0
0.361253 -21.251 -21.251 2 2 0
0.361108 -21.2708 -21.2708 2 2 0
0.360964 -21.2906 -21.2906 2 2 0
0.360819 -21.3105 -21.3105 2 2 0
0.360675 -21.3303 -21.3303 2 2 0
0.360531 -21.3501 -21.3501 2 2 0
0.360388 -21.3699 -21.3699 2 2 0
0.360244 -21.3897 -21.3897 2 2 0
0.3601 -21.4095 -21.4095 2 2 0
0.359957 -21.4293 -21.4293 2 2 0
0.359814 -21.4491 -21.4491 2 2 0
0.359671 -21.4689 -21.4689 2 2 0
0.359529 -21.4887 -21.4887 2 2 0
0.359386 -21.5085 -21.5085 2 2 0
0.359244 -21.5283 -21.5283 2 2 0
0.359101 -21.5481 -21.5481 2 2 0
0.358959 -21.568 -21.568 2 2 0
0.358818 -21.5878 -21.5878 2 2 0
0.358676 -21.6076 -21.6076 2 2 0
0.358534 -21.6274 -21.6274 2 2 0
0.358393 -21.6472 -21.6472 2 2 0
0.358252 -21.667 -21.667 2 2 0
0.358111 -21.6868 -21.6868 2 2 0
0.35797 -21.7066 -21.7066 2 2 0
0.35783 -21.7264 -21.7264 2 2 0
0.357689 -21.7462 -21.7462 2 2 0
0.357549 -21.7661 -21.7661 2 2 0
0.357409 -21.7859 -21.7859 2 2 0
0.357269 -21.8057 -21.8057 2 2 0
0.357129 -21.8255 -21.8255 2 2 0
0.356989 -21.8453 -21.8453 2 2 0
0.35685 -21.8651 -21.8651 2 2 0
0.356711 -21.8849 -21.8849 2 2 0
0.356572 -21.9047 -21.9047 2 2 0
0.356433 -21.9245 -21.9245 2 2 0
0.356294 -21.9444 -21.9444 2 2 0
0.356155 -21.9642 -21.9642 2 2 0
0.356017 -21.984 -21.984 2 2 0
0.355879 -22.0038 -22.0038 2 2 0
0.355741 -22.0236 -22.0236 2 2 0
0.355603 -22.0434 -22.0434 2 2 0
0.355465 -22.0632 -22.0632 2 2 0
0.355327 -22.083 -22.083 2 2 0
0.35519 -22.1029 -22.1029 2 2 0
0.355053 -22.1227 -22.1227 2 2 0
0.354916 -22.1425 -22.1425 2 2 0
0.354779 -22.1623 -22.1623 2 2 0
0.354642 -22.1821 -22.1821 2 2 0
0.354505 -22.2019 -22.2019 2 2 0
0.354369 -22.2217 -22.2217 2 2 0
0.354233 -22.2416 -22.2416 2 2 0
0.354097 -22.2614 -22.2614 2 2 0
0.353961 -22.2812 -22.2812 2 2 0
0.353825 -22.301 -22.301 2 2 0
0.353689 -22.3208 -22.3208 2 2 0
0.353554 -22.3406 -22.3406 2 2 0
0.353419 -22.3605 -22.3605 2 2 0
0.353283 -22.3803 -22.3803 2 2 0
0.353148 -22.4001 -22.4001 2 2 0
0.353014 -22.4199 -22.4199 2 2 0
0.352879 -22.4397 -22.4397 2 2 0
0.352744 -22.4595 -22.4595 2 2 0
0.35261 -22.4793 -22.4793 2 2 0
0.352476 -22.4992 -22.4992 2 2 0
0.352342 -22.519 -22.519 2 2 0
0.352208 -22.5388 -22.5388 2 2 0
0.352074 -22.5586 -22.5586 2 2 0
0.351941 -22.5784 -22.5784 2 2 0
0.351807 -22.5982 -22.5982 2 2 0
0.351674 -22.6181 -22.6181 2 2 0
0.351541 -22.6379 -22.6379 2 2 0
0.351408 -22.6577 -22.6577 2 2 0
0.351276 -22.6775 -22.6775 2 2 0
0.351143 -22.6973 -22.6973 2 2 0
0.351011 -22.7172 -22.7172 2 2 0
0.350878 -22.737 -22.737 2 2 0
0.350746 -22.7568 -22.7568 2 2 0
0.350614 -22.7766 -22.7766 2 2 0
0.350482 -22.7964 -22.7964 2 2 0
0.350351 -22.8163 -22.8163 2 2 0
0.350219 -22.8361 -22.8361 2 2 0
0.350088 -22.8559 -22.8559 2 2 0
0.349957 -22.8757 -22.8757 2 2 0
0.349826 -22.8955 -22.8955 2 2 0
0.349695 -22.9153 -22.9153 2 2 0
0.349564 -22.9352 -22.9352 2 2 0
0.349433 -22.955 -22.955 2 2 0
0.349303 -22.9748 -22.9748 2 2 0
0.349173 -22.9946 -22.9946 2 2 0
0.349042 -23.0145 -23.0145 2 2 0
0.348912 -23.0343 -23.0343 2 2 0
0.348783 -23.0541 -23.0541 2 2 0
0.348653 -23.0739 -23.0739 2 2 0
0.348523 -23.0937 -23.0937 2 2 0
0.348394 -23.1136 -23.1136 2 2 0
0.348265 -23.1334 -23.1334 2 2 0
0.348136 -23.1532 -23.1532 2 2 0
0.348007 -23.173 -23.173 2 2 0
0.347878 -23.1928 -23.1928 2 2 0
0.347749 -23.2127 -23.2127 2 2 0
0.347621 -23.2325 -23.2325 2 2 0
0.347492 -23.2523 -23.2523 2 2 0
0.347364 -23.2721 -23.2721 2 2 0
0.347236 -23.292 -23.292 2 2 0
0.347108 -23.3118 -23.3118 2 2 0
0.346981 -23.3316 -23.3316 2 2 0
0.346853 -23.3514 -23.3514 2 2 0
0.346725 -23.3712 -23.3712 2 2 0
0.346598 -23.3911 -23.3911 2 2 0
0.346471 -23.4109 -23.4109 2 2 0
0.346344 -23.4307 -23.4307 2 2 0
0.346217 -23.4505 -23.4505 2 2 0
0.34609 -23.4704 -23.4704 2 2 0
0.345964 -23.4902 -23.4902 2 2 0
0.345837 -23.51 -23.51 2 2 0
0.345711 -23.5298 -23.5298 2 2 0
0.345585 -23.5497 -23.5497 2 2 0
0.345459 -23.5695 -23.5695 2 2 0
0.345333 -23.5893 -23.5893 2 2 0
0.345207 -23.6091 -23.6091 2 2 0
0.345082 -23.629 -23.629 2 2 0
0.344956 -23.6488 -23.6488 2 2 0
0.344831 -23.6686 -23.6686 2 2 0
0.344706 -23.6884 -23.6884 2 2 0
0.344581 -23.7083 -23.7083 2 2 0
0.344456 -23.7281 -23.7281 2 2 0
0.344331 -23.7479 -23.7479 2 2 0
0.344206 -23.7677 -23.7677 2 2 0
0.344082 -23.7876 -23.7876 2 2 0
0.343958 -23.8074 -23.8074 2 2 0
0.343833 -23.8272 -23.8272 2 2 0
0.343709 -23.847 -23.847 2 2 0
0.343585 -23.8669 -23.8669 2 2 0
0.343462 -23.8867 -23.8867 2 2 0
0.343338 -23.9065 -23.9065 2 2 0
0.343215 -23.9264 -23.9264 2 2 0
0.343091 -23.9462 -23.9462 2 2 0
0.342968 -23.966 -23.966 2 2 0
0.342845 -23.9858 -23.9858 2 2 0
0.342722 -24.0057 -24.0057 2 2 0
0.342599 -24.0255 -24.0255 2 2 0
0.342476 -24.0453 -24.0453 2 2 0
0.342354 -24.0652 -24.0652 2 2 0
0.342232 -24.085 -24.085 2 2 0
0.342109 -24.1048 -24.1048 2 2 0
0.341987 -24.1246 -24.1246 2 2 0
0.341865 -24.1445 -24.1445 2 2 0
0.341743 -24.1643 -24.1643 2 2 0
0.341622 -24.1841 -24.1841 2 2 0
0.3415 -24.204 -24.204 2 2 0
0.341379 -24.2238 -24.2238 2 2 0
0.341257 -24.2436 -24.2436 2 2 0
0.341136 -24.2634 -24.2634 2 2 0
0.341015 -24.2833 -24.2833 2 2 0
0.340894 -24.3031 -24.3031 2 2 0
0.340773 -24.3229 -24.3229 2 2 0
0.340653 -24.3428 -24.3428 2 2 0
0.340532 -24.3626 -24.3626 2 2 0
0.340412 -24.3824 -24.3824 2 2 0
0.340292 -24.4023 -24.4023 2 2 0
0.340172 -24.4221 -24.4221 2 2 0
0.340052 -24.4419 -24.4419 2 2 0
0.339932 -24.4617 -24.4617 2 2 0
0.339812 -24.4816 -24.4816 2 2 0
0.339692 -24.5014 -24.5014 2 2 0
0.339573 -24.5212 -24.5212 2 2 0
0.339454 -24.5411 -24.5411 2 2 0
0.339334 -24.5609 -24.5609 2 2 0
0.339215 -24.5807 -24.5807 2 2 0
0.339096 -24.6006 -24.6006 2 2 0
0.338978 -24.6204 -24.6204 2 2 0
0.338859 -24.6402 -24.6402 2 2 0
0.33874 -24.6601 -24.6601 2 2 0
0.338622 -24.6799 -24.6799 2 2 0
0.338504 -24.6997 -24.6997 2 2 0
0.338385 -24.7196 -24.7196 2 2 0
0.338267 -24.7394 -24.7394 2 2 0
0.33815 -24.7592 -24.7592 2 2 0
0.338032 -24.7791 -24.7791 2 2 0
0.337914 -24.7989 -24.7989 2 2 0
0.337797 -24.8187 -24.8187 2 2 0
0.337679 -24.8386 -24.8386 2 2 0
0.337562 -24.8584 -24.8584 2 2 0
0.337445 -24.8782 -24.8782 2 2 0
0.337328 -24.8981 -24.8981 2 2 0
0.337211 -24.9179 -24.9179 2 2 0
0.337094 -24.9377 -24.9377 2 2 0
0.336977 -24.9576 -24.9576 2 2 0
0.336861 -24.9774 -24.9774 2 2 0
0.336745 -24.9972 -24.9972 2 2 0
0.336628 -25.0171 -25.0171 2 2 0
0.336512 -25.0369 -25.0369 2 2 0
0.336396 -25.0567 -25.0567 2 2 0
0.33628 -25.0766 -25.0766 2 2 0
0.336165 -25.0964 -25.0964 2 2 0
0.336049 -25.1162 -25.1162 2 2 0
0.335933 -25.1361 -25.1361 2 2 0
0.335818 -25.1559 -25.1559 2 2 0
0.335703 -25.1757 -25.1757 2 2 0
0.335588 -25.1956 -25.1956 2 2 0
0.335473 -25.2154 -25.2154 2 2 0
0.335358 -25.2353 -25.2353 2 2 0
0.335243 -25.2551 -25.2551 2 2 0
0.335128 -25.2749 -25.2749 2 2 0
0.335014 -25.2948 -25.2948 2 2 0
0.334899 -25.3146 -25.3146 2 2 0
0.334785 -25.3344 -25.3344 2 2 0
0.334671 -25.3543 -25.3543 2 2 0
0.334557 -25.3741 -25.3741 2 2 0
0.334443 -25.3939 -25.3939 2 2 0
0.334329 -25.4138 -25.4138 2 2 0
0.334215 -25.4336 -25.4336 2 2 0
0.334102 -25.4535 -25.4535 2 2 0
0.333988 -25.4733 -25.4733 2 2 0
0.333875 -25.4931 -25.4931 2 2 0
0.333762 -25.513 -25.513 2 2 0
0.333649 -25.5328 -25.5328 2 2 0
0.333536 -25.5526 -25.5526 2 2 0
0.333423 -25.5725 -25.5725 2 2 0
0.33331 -25.5923 -25.5923 2 2 0
0.333197 -25.6122 -25.6122 2 2 0
0.333085 -25.632 -25.632 2 2 0
0.332973 -25.6518 -25.6518 2 2 0
0.33286 -25.6717 -25.6717 2 2 0
0.332748 -25.6915 -25.6915 2 2 0
0.332636 -25.7114 -25.7114 2 2 0
0.332524 -25.7312 -25.7312 2 2 0
0.332412 -25.751 -25.751 2 2 0
0.332301 -25.7709 -25.7709 2 2 0
0.332189 -25.7907 -25.7907 2 2 0
0.332078 -25.8106 -25.8106 2 2 0
0.331966 -25.8304 -25.8304 2 2 0
0.331855 -25.8502 -25.8502 2 2 0
0.331744 -25.8701 -25.8701 2 2 0
0.331633 -25.8899 -25.8899 2 2 0
0.331522 -25.9098 -25.9098 2 2 0
0.331412 -25.9296 -25.9296 2 2 0
0.331301 -25.9494 -25.9494 2 2 0
0.33119 -25.9693 -25.9693 2 2 0
0.33108 -25.9891 -25.9891 2 2 0
0.33097 -26.009 -26.009 2 2 0
0.33086 -26.0288 -26.0288 2 2 0
0.33075 -26.0486 -26.0486 2 2 0
0.33064 -26.0685 -26.0685 2 2 0
0.33053 -26.0883 -26.0883 2 2 0
0.33042 -26.1082 -26.1082 2 2 0
0.33031 -26.128 -26.128 2 2 0
0.330201 -26.1478 -26.1478 2 2 0
0.330092 -26.1677 -26.1677 2 2 0
0.329982 -26.1875 -26.1875 2 2 0
0.329873 -26.2074 -26.2074 2 2 0
0.329764 -26.2272 -26.2272 2 2 0
0.329655 -26.2471 -26.2471 2 2 0
0.329546 -26.2669 -26.2669 2 2 0
0.329438 -26.2867 -26.2867 2 2 0
0.329329 -26.3066 -26.3066 2 2 0
0.32922 -26.3264 -26.3264 2 2 0
0.329112 -26.3463 -26.3463 2 2 0
0.329004 -26.3661 -26.3661 2 2 0
0.328896 -26.386 -26.386 2 2 0
0.328788 -26.4058 -26.4058 2 2 0
0.32868 -26.4256 -26.4256 2 2 0
0.328572 -26.4455 -26.4455 2 2 0
0.328464 -26.4653 -26.4653 2 2 0
0.328357 -26.4852 -26.4852 2 2 0
0.328249 -26.505 -26.505 2 2 0
0.328142 -26.5249 -26.5249 2 2 0
0.328034 -26.5447 -26.5447 2 2 0
0.327927 -26.5645 -26.5645 2 2 0
0.32782 -26.5844 -26.5844 2 2 0
0.327713 -26.6042 -26.6042 2 2 0
0.327606 -26.6241 -26.6241 2 2 0
0.3275 -26.6439 -26.6439 2 2 0
0.327393 -26.6638 -26.6638 2 2 0
0.327287 -26.6836 -26.6836 2 2 0
0.32718 -26.7035 -26.7035 2 2 0
0.327074 -26.7233 -26.7233 2 2 0
0.326968 -26.7431 -26.7431 2 2 0
0.326862 -26.763 -26.763 2 2 0
0.326756 -26.7828 -26.7828 2 2 0
0.32665 -26.8027 -26.8027 2 2 0
0.326544 -26.8225 -26.8225 2 2 0
0.326438 -26.8424 -26.8424 2 2 0
0.326333 -26.8622 -26.8622 2 2 0
0.326227 -26.8821 -26.8821 2 2 0
0.326122 -26.9019 -26.9019 2 2 0
0.326017 -26.9218 -26.9218 2 2 0
0.325912 -26.9416 -26.9416 2 2 0
0.325806 -26.9614 -26.9614 2 2 0
0.325702 -26.9813 -26.9813 2 2 0
0.325597 -27.0011 -27.0011 2 2 0
0.325492 -27.021 -27.021 2 2 0
0.325387 -27.0408 -27.0408 2 2 0
0.325283 -27.0607 -27.0607 2 2 0
0.325179 -27.0805 -27.0805 2 2 0
0.325074 -27.1004 -27.1004 2 2 0
0.32497 -27.1202 -27.1202 2 2 0
0.324866 -27.1401 -27.1401 2 2 0
0.324762 -27.1599 -27.1599 2 2 0
0.324658 -27.1798 -27.1798 2 2 0
0.324554 -27.1996 -27.1996 2 2 0
0.324451 -27.2195 -27.2195 2 2 0
0.324347 -27.2393 -27.2393 2 2 0
0.324244 -27.2592 -27.2592 2 2 0
0.32414 -27.279 -27.279 2 2 0
0.324037 -27.2989 -27.2989 2 2 0
0.323934 -27.3187 -27.3187 2 2 0
0.323831 -27.3385 -27.3385 2 2 0
0.323728 -27.3584 -27.3584 2 2 0
0.323625 -27.3782 -27.3782 2 2 0
0.323522 -27.3981 -27.3981 2 2 0
0.32342 -27.4179 -27.4179 2 2 0
0.323317 -27.4378 -27.4378 2 2 0
0.323215 -27.4576 -27.4576 2 2 0
0.323112 -27.4775 -27.4775 2 2 0
0.32301 -27.4973 -27.4973 2 2 0
0.322908 -27.5172 -27.5172 2 2 0
0.322806 -27.537 -27.537 2 2 0
0.322704 -27.5569 -27.5569 2 2 0
0.322602 -27.5767 -27.5767 2 2 0
0.3225 -27.5966 -27.5966 2 2 0
0.322398 -27.6164 -27.6164 2 2 0
0.322297 -27.6363 -27.6363 2 2 0
0.322195 -27.6561 -27.6561 2 2 0
0.322094 -27.676 -27.676 2 2 0
0.321993 -27.6958 -27.6958 2 2 0
0.321892 -27.7157 -27.7157 2 2 0
0.321791 -27.7355 -27.7355 2 2 0
0.32169 -27.7554 -27.7554 2 2 0
0.321589 -27.7752 -27.7752 2 2 0
0.321488 -27.7951 -27.7951 2 2 0
0.321387 -27.8149 -27.8149 2 2 0
0.321287 -27.8348 -27.8348 2 2 0
0.321186 -27.8546 -27.8546 2 2 0
0.321086 -27.8745 -27.8745 2 2 0
0.320986 -27.8943 -27.8943 2 2 0
0.320886 -27.9142 -27.9142 2 2 0
0.320785 -27.934 -27.934 2 2 0
0.320686 -27.9539 -27.9539 2 2 0
0.320586 -27.9738 -27.9738 2 2 0
0.320486 -27.9936 -27.9936 2 2 0
0.320386 -28.0135 -28.0135 2 2 0
0.320287 -28.0333 -28.0333 2 2 0
0.320187 -28.0532 -28.0532 2 2 0
0.320088 -28.073 -28.073 2 2 0
0.319988 -28.0929 -28.0929 2 2 0
0.319889 -28.1127 -28.1127 2 2 0
0.31979 -28.1326 -28.1326 2 2 0
0.319691 -28.1524 -28.1524 2 2 0
0.319592 -28.1723 -28.1723 2 2 0
0.319493 -28.1921 -28.1921 2 2 0
0.319394 -28.212 -28.212 2 2 0
0.319296 -28.2318 -28.2318 2 2 0
0.319197 -28.2517 -28.2517 2 2 0
0.319099 -28.2715 -28.2715 2 2 0
0.319 -28.2914 -28.2914 2 2 0
0.318902 -28.3112 -28.3112 2 2 0
0.318804 -28.3311 -28.3311 2 2 0
0.318706 -28.351 -28.351 2 2 0
0.318608 -28.3708 -28.3708 2 2 0
0.31851 -28.3907 -28.3907 2 2 0
0.318412 -28.4105 -28.4105 2 2 0
0.318315 -28.4304 -28.4304 2 2 0
0.318217 -28.4502 -28.4502 2 2 0
0.318119 -28.4701 -28.4701 2 2 0
0.318022 -28.4899 -28.4899 2 2 0
0.317925 -28.5098 -28.5098 2 2 0
0.317827 -28.5296 -28.5296 2 2 0
0.31773 -28.5495 -28.5495 2 2 0
0.317633 -28.5694 -28.5694 2 2 0
0.317536 -28.5892 -28.5892 2 2 0
0.317439 -28.6091 -28.6091 2 2 0
0.317343 -28.6289 -28.6289 2 2 0
0.317246 -28.6488 -28.6488 2 2 0
0.317149 -28.6686 -28.6686 2 2 0
0.317053 -28.6885 -28.6885 2 2 0
0.316956 -28.7083 -28.7083 2 2 0
0.31686 -28.7282 -28.7282 2 2 0
0.316764 -28.748 -28.748 2 2 0
0.316668 -28.7679 -28.7679 2 2 0
0.316572 -28.7878 -28.7878 2 2 0
0.316476 -28.8076 -28.8076 2 2 0
0.31638 -28.8275 -28.8275 2 2 0
0.316284 -28.8473 -28.8473 2 2 0
0.316188 -28.8672 -28.8672 2 2 0
0.316093 -28.887 -28.887 2 2 0
0.315997 -28.9069 -28.9069 2 2 0
0.315902 -28.9268 -28.9268 2 2 0
0.315807 -28.9466 -28.9466 2 2 0
0.315711 -28.9665 -28.9665 2 2 0
0.315616 -28.9863 -28.9863 2 2 0
0.315521 -29.0062 -29.0062 2 2 0
0.315426 -29.026 -29.026 2 2 0
0.315331 -29.0459 -29.0459 2 2 0
0.315236 -29.0658 -29.0658 2 2 0
0.315142 -29.0856 -29.0856 2 2 0
0.315047 -29.1055 -29.1055 2 2 0
0.314953 -29.1253 -29.1253 2 2 0
0.314858 -29.1452 -29.1452 2 2 0
0.314764 -29.165 -29.165 2 2 0
0.314669 -29.1849 -29.1849 2 2 0
0.314575 -29.2048 -29.2048 2 2 0
0.314481 -29.2246 -29.2246 2 2 0
0.314387 -29.2445 -29.2445 2 2 0
0.314293 -29.2643 -29.2643 2 2 0
0.314199 -29.2842 -29.2842 2 2 0
0.314106 -29.304 -29.304 2 2 0
0.314012 -29.3239 -29.3239 2 2 0
0.313918 -29.3438 -29.3438 2 2 0
0.313825 -29.3636 -29.3636 2 2 0
0.313732 -29.3835 -29.3835 2 2 0
0.313638 -29.4033 -29.4033 2 2 0
0.313545 -29.4232 -29.4232 2 2 0
0.313452 -29.4431 -29.4431 2 2 0
0.313359 -29.4629 -29.4629 2 2 0
0.313266 -29.4828 -29.4828 2 2 0
0.313173 -29.5026 -29.5026 2 2 0
0.31308 -29.5225 -29.5225 2 2 0
0.312987 -29.5424 -29.5424 2 2 0
0.312895 -29.5622 -29.5622 2 2 0
0.312802 -29.5821 -29.5821 2 2 0
0.31271 -29.6019 -29.6019 2 2 0
0.312617 -29.6218 -29.6218 2 2 0
0.312525 -29.6416 -29.6416 2 2 0
0.312433 -29.6615 -29.6615 2 2 0
0.312341 -29.6814 -29.6814 2 2 0
0.312249 -29.7012 -29.7012 2 2 0
0.312157 -29.7211 -29.7211 2 2 0
0.312065 -29.741 -29.741 2 2 0
0.311973 -29.7608 -29.7608 2 2 0
0.311881 -29.7807 -29.7807 2 2 0
0.31179 -29.8005 -29.8005 2 2 0
0.311698 -29.8204 -29.8204 2 2 0
0.311607 -29.8403 -29.8403 2 2 0
0.311515 -29.8601 -29.8601 2 2 0
0.311424 -29.88 -29.88 2 2 0
0.311333 -29.8998 -29.8998 2 2 0
0.311242 -29.9197 -29.9197 2 2 0
0.311151 -29.9396 -29.9396 2 2 0
0.31106 -29.9594 -29.9594 2 2 0
0.310969 -29.9793 -29.9793 2 2 0
0.310878 -29.9991 -29.9991 2 2 0
0.310788 -30.019 -30.019 2 2 0
0.310697 -30.0389 -30.0389 2 2 0
0.310606 -30.0587 -30.0587 2 2 0
0.310516 -30.0786 -30.0786 2 2 0
0.310425 -30.0985 -30.0985 2 2 0
0.310335 -30.1183 -30.1183 2 2 0
0.310245 -30.1382 -30.1382 2 2 0
0.310155 -30.158 -30.158 2 2 0
0.310065 -30.1779 -30.1779 2 2 0
0.309975 -30.1978 -30.1978 2 2 0
0.309885 -30.2176 -30.2176 2 2 0
0.309795 -30.2375 -30.2375 2 2 0
0.309705 -30.2574 -30.2574 2 2 0
0.309616 -30.2772 -30.2772 2 2 0
0.309526 -30.2971 -30.2971 2 2 0
0.309437 -30.3169 -30.3169 2 2 0
0.309347 -30.3368 -30.3368 2 2 0
0.309258 -30.3567 -30.3567 2 2 0
0.309169 -30.3765 -30.3765 2 2 0
0.30908 -30.3964 -30.3964 2 2 0
0.30899 -30.4163 -30.4163 2 2 0
0.308901 -30.4361 -30.4361 2 2 0
0.308812 -30.456 -30.456 2 2 0
0.308724 -30.4758 -30.4758 2 2 0
0.308635 -30.4957 -30.4957 2 2 0
0.308546 -30.5156 -30.5156 2 2 0
0.308458 -30.5354 -30.5354 2 2 0
0.308369 -30.5553 -30.5553 2 2 0
0.308281 -30.5752 -30.5752 2 2 0
0.308192 -30.595 -30.595 2 2 0
0.308104 -30.6149 -30.6149 2 2 0
0.308016 -30.6348 -30.6348 2 2 0
0.307928 -30.6546 -30.6546 2 2 0
0.307839 -30.6745 -30.6745 2 2 0
0.307751 -30.6944 -30.6944 2 2 0
0.307664 -30.7142 -30.7142 2 2 0
0.307576 -30.7341 -30.7341 2 2 0
0.307488 -30.7539 -30.7539 2 2 0
0.3074 -30.7738 -30.7738 2 2 0
0.307313 -30.7937 -30.7937 2 2 0
0.307225 -30.8135 -30.8135 2 2 0
0.307138 -30.8334 -30.8334 2 2 0
0.30705 -30.8533 -30.8533 2 2 0
0.306963 -30.8731 -30.8731 2 2 0
0.306876 -30.893 -30.893 2 2 0
0.306789 -30.9129 -30.9129 2 2 0
0.306702 -30.9327 -30.9327 2 2 0
0.306615 -30.9526 -30.9526 2 2 0
0.306528 -30.9725 -30.9725 2 2 0
0.306441 -30.9923 -30.9923 2 2 0
0.306354 -31.0122 -31.0122 2 2 0
0.306268 -31.0321 -31.0321 2 2 0
0.306181 -31.0519 -31.0519 2 2 0
0.306094 -31.0718 -31.0718 2 2 0
0.306008 -31.0917 -31.0917 2 2 0
0.305922 -31.1115 -31.1115 2 2 0
0.305835 -31.1314 -31.1314 2 2 0
0.305749 -31.1513 -31.1513 2 2 0
0.305663 -31.1711 -31.1711 2 2 0
0.305577 -31.191 -31.191 2 2 0
0.305491 -31.2109 -31.2109 2 2 0
0.305405 -31.2307 -31.2307 2 2 0
0.305319 -31.2506 -31.2506 2 2 0
0.305233 -31.2705 -31.2705 2 2 0
0.305148 -31.2903 -31.2903 2 2 0
0.305062 -31.3102 -31.3102 2 2 0
0.304976 -31.3301 -31.3301 2 2 0
0.304891 -31.3499 -31.3499 2 2 0
0.304806 -31.3698 -31.3698 2 2 0
0.30472 -31.3897 -31.3897 2 2 0
0.304635 -31.4095 -31.4095 2 2 0
0.30455 -31.4294 -31.4294 2 2 0
0.304465 -31.4493 -31.4493 2 2 0
0.30438 -31.4691 -31.4691 2 2 0
0.304295 -31.489 -31.489 2 2 0
0.30421 -31.5089 -31.5089 2 2 0
0.304125 -31.5287 -31.5287 2 2 0
0.30404 -31.5486 -31.5486 2 2 0
0.303956 -31.5685 -31.5685 2 2 0
0.303871 -31.5883 -31.5883 2 2 0
0.303787 -31.6082 -31.6082 2 2 0
0.303702 -31.6281 -31.6281 2 2 0
0.303618 -31.6479 -31.6479 2 2 0
0.303533 -31.6678 -31.6678 2 2 0
0.303449 -31.6877 -31.6877 2 2 0
0.303365 -31.7076 -31.7076 2 2 0
0.303281 -31.7274 -31.7274 2 2 0
0.303197 -31.7473 -31.7473 2 2 0
0.303113 -31.7672 -31.7672 2 2 0
0.303029 -31.787 -31.787 2 2 0
0.302945 -31.8069 -31.8069 2 2 0
0.302862 -31.8268 -31.8268 2 2 0
0.302778 -31.8466 -31.8466 2 2 0
0.302694 -31.8665 -31.8665 2 2 0
0.302611 -31.8864 -31.8864 2 2 0
0.302527 -31.9062 -31.9062 2 2 0
0.302444 -31.9261 -31.9261 2 2 0
0.302361 -31.946 -31.946 2 2 0
0.302278 -31.9659 -31.9659 2 2 0
0.302194 -31.9857 -31.9857 2 2 0
0.302111 -32.0056 -32.0056 2 2 0
0.302028 -32.0255 -32.0255 2 2 0
0.301945 -32.0453 -32.0453 2 2 0
0.301863 -32.0652 -32.0652 2 2 0
0.30178 -32.0851 -32.0851 2 2 0
0.301697 -32.1049 -32.1049 2 2 0
0.301614 -32.1248 -32.1248 2 2 0
0.301532 -32.1447 -32.1447 2 2 0
0.301449 -32.1646 -32.1646 2 2 0
0.301367 -32.1844 -32.1844 2 2 0
0.301284 -32.2043 -32.2043 2 2 0
0.301202 -32.2242 -32.2242 2 2 0
0.30112 -32.244 -32.244 2 2 0
0.301038 -32.2639 -32.2639 2 2 0
0.300956 -32.2838 -32.2838 2 2 0
0.300874 -32.3037 -32.3037 2 2 0
0.300792 -32.3235 -32.3235 2 2 0
0.30071 -32.3434 -32.3434 2 2 0
0.300628 -32.3633 -32.3633 2 2 0
0.300546 -32.3831 -32.3831 2 2 0
0.300465 -32.403 -32.403 2 2 0
0.300383 -32.4229 -32.4229 2 2 0
0.300301 -32.4428 -32.4428 2 2 0
0.30022 -32.4626 -32.4626 2 2 0
0.300138 -32.4825 -32.4825 2 2 0
0.300057 -32.5024 -32.5024 2 2 0
0.299976 -32.5222 -32.5222 2 2 0
0.299895 -32.5421 -32.5421 2 2 0
0.299814 -32.562 -32.562 2 2 0
0.299732 -32.5819 -32.5819 2 2 0
0.299651 -32.6017 -32.6017 2 2 0
0.299571 -32.6216 -32.6216 2 2 0
0.29949 -32.6415 -32.6415 2 2 0
0.299409 -32.6614 -32.6614 2 2 0
0.299328 -32.6812 -32.6812 2 2 0
0.299247 -32.7011 -32.7011 2 2 0
0.299167 -32.721 -32.721 2 2 0
0.299086 -32.7408 -32.7408 2 2 0
0.299006 -32.7607 -32.7607 2 2 0
0.298925 -32.7806 -32.7806 2 2 0
0.298845 -32.8005 -32.8005 2 2 0
0.298765 -32.8203 -32.8203 2 2 0
0.298685 -32.8402 -32.8402 2 2 0
0.298605 -32.8601 -32.8601 2 2 0
0.298525 -32.88 -32.88 2 2 0
0.298445 -32.8998 -32.8998 2 2 0
0.298365 -32.9197 -32.9197 2 2 0
0.298285 -32.9396 -32.9396 2 2 0
0.298205 -32.9595 -32.9595 2 2 0
0.298125 -32.9793 -32.9793 2 2 0
0.298046 -32.9992 -32.9992 2 2 0
0.297966 -33.0191 -33.0191 2 2 0
0.297886 -33.0389 -33.0389 2 2 0
0.297807 -33.0588 -33.0588 2 2 0
0.297728 -33.0787 -33.0787 2 2 0
0.297648 -33.0986 -33.0986 2 2 0
0.297569 -33.1184 -33.1184 2 2 0
0.29749 -33.1383 -33.1383 2 2 0
0.297411 -33.1582 -33.1582 2 2 0
0.297332 -33.1781 -33.1781 2 2 0
0.297253 -33.1979 -33.1979 2 2 0
0.297174 -33.2178 -33.2178 2 2 0
0.297095 -33.2377 -33.2377 2 2 0
0.297016 -33.2576 -33.2576 2 2 0
0.296937 -33.2774 -33.2774 2 2 0
0.296858 -33.2973 -33.2973 2 2 0
0.29678 -33.3172 -33.3172 2 2 0
0.296701 -33.3371 -33.3371 2 2 0
0.296623 -33.3569 -33.3569 2 2 0
0.296544 -33.3768 -33.3768 2 2 0
0.296466 -33.3967 -33.3967 2 2 0
0.296388 -33.4166 -33.4166 2 2 0
0.29631 -33.4364 -33.4364 2 2 0
0.296231 -33.4563 -33.4563 2 2 0
0.296153 -33.4762 -33.4762 2 2 0
0.296075 -33.4961 -33.4961 2 2 0
0.295997 -33.5159 -33.5159 2 2 0
0.295919 -33.5358 -33.5358 2 2 0
0.295841 -33.5557 -33.5557 2 2 0
0.295764 -33.5756 -33.5756 2 2 0
0.295686 -33.5954 -33.5954 2 2 0
0.295608 -33.6153 -33.6153 2 2 0
0.295531 -33.6352 -33.6352 2 2 0
0.295453 -33.6551 -33.6551 2 2 0
0.295376 -33.675 -33.675 2 2 0
0.295298 -33.6948 -33.6948 2 2 0
0.295221 -33.7147 -33.7147 2 2 0
0.295144 -33.7346 -33.7346 2 2 0
0.295066 -33.7545 -33.7545 2 2 0
0.294989 -33.7743 -33.7743 2 2 0
0.294912 -33.7942 -33.7942 2 2 0
0.294835 -33.8141 -33.8141 2 2 0
0.294758 -33.834 -33.834 2 2 0
0.294681 -33.8538 -33.8538 2 2 0
0.294604 -33.8737 -33.8737 2 2 0
0.294528 -33.8936 -33.8936 2 2 0
0.294451 -33.9135 -33.9135 2 2 0
0.294374 -33.9334 -33.9334 2 2 0
0.294298 -33.9532 -33.9532 2 2 0
0.294221 -33.9731 -33.9731 2 2 0
0.294145 -33.993 -33.993 2 2 0
0.294068 -34.0129 -34.0129 2 2 0
0.293992 -34.0327 -34.0327 2 2 0
0.293916 -34.0526 -34.0526 2 2 0
0.293839 -34.0725 -34.0725 2 2 0
0.293763 -34.0924 -34.0924 2 2 0
0.293687 -34.1122 -34.1122 2 2 0
0.293611 -34.1321 -34.1321 2 2 0
0.293535 -34.152 -34.152 2 2 0
0.293459 -34.1719 -34.1719 2 2 0
0.293383 -34.1918 -34.1918 2 2 0
0.293307 -34.2116 -34.2116 2 2 0
0.293232 -34.2315 -34.2315 2 2 0
0.293156 -34.2514 -34.2514 2 2 0
0.29308 -34.2713 -34.2713 2 2 0
0.293005 -34.2912 -34.2912 2 2 0
0.292929 -34.311 -34.311 2 2 0
0.292854 -34.3309 -34.3309 2 2 0
0.292779 -34.3508 -34.3508 2 2 0
0.292703 -34.3707 -34.3707 2 2 0
0.292628 -34.3905 -34.3905 2 2 0
0.292553 -34.4104 -34.4104 2 2 0
0.292478 -34.4303 -34.4303 2 2 0
0.292403 -34.4502 -34.4502 2 2 0
0.292327 -34.4701 -34.4701 2 2 0
0.292253 -34.4899 -34.4899 2 2 0
0.292178 -34.5098 -34.5098 2 2 0
0.292103 -34.5297 -34.5297 2 2 0
0.292028 -34.5496 -34.5496 2 2 0
0.291953 -34.5695 -34.5695 2 2 0
0.291879 -34.5893 -34.5893 2 2 0
0.291804 -34.6092 -34.6092 2 2 0
0.291729 -34.6291 -34.6291 2 2 0
0.291655 -34.649 -34.649 2 2 0
0.291581 -34.6689 -34.6689 2 2 0
0.291506 -34.6887 -34.6887 2 2 0
0.291432 -34.7086 -34.7086 2 2 0
0.291358 -34.7285 -34.7285 2 2 0
0.291283 -34.7484 -34.7484 2 2 0
0.291209 -34.7683 -34.7683 2 2 0
0.291135 -34.7881 -34.7881 2 2 0
0.291061 -34.808 -34.808 2 2 0
0.290987 -34.8279 -34.8279 2 2 0
0.290913 -34.8478 -34.8478 2 2 0
0.290839 -34.8677 -34.8677 2 2 0
0.290766 -34.8875 -34.8875 2 2 0
0.290692 -34.9074 -34.9074 2 2 0
0.290618 -34.9273 -34.9273 2 2 0
0.290545 -34.9472 -34.9472 2 2 0
0.290471 -34.9671 -34.9671 2 2 0
0.290398 -34.9869 -34.9869 2 2 0
0.290324 -35.0068 -35.0068 2 2 0
0.290251 -35.0267 -35.0267 2 2 0
0.290177 -35.0466 -35.0466 2 2 0
0.290104 -35.0665 -35.0665 2 2 0
0.290031 -35.0864 -35.0864 2 2 0
0.289958 -35.1062 -35.1062 2 2 0
0.289885 -35.1261 -35.1261 2 2 0
0.289812 -35.146 -35.146 2 2 0
0.289739 -35.1659 -35.1659 2 2 0
0.289666 -35.1858 -35.1858 2 2 0
0.289593 -35.2056 -35.2056 2 2 0
0.28952 -35.2255 -35.2255 2 2 0
0.289447 -35.2454 -35.2454 2 2 0
0.289375 -35.2653 -35.2653 2 2 0
0.289302 -35.2852 -35.2852 2 2 0
0.289229 -35.305 -35.305 2 2 0
0.289157 -35.3249 -35.3249 2 2 0
0.289084 -35.3448 -35.3448 2 2 0
0.289012 -35.3647 -35.3647 2 2 0
0.28894 -35.3846 -35.3846 2 2 0
0.288867 -35.4045 -35.4045 2 2 0
0.288795 -35.4243 -35.4243 2 2 0
0.288723 -35.4442 -35.4442 2 2 0
0.288651 -35.4641 -35.4641 2 2 0
0.288579 -35.484 -35.484 2 2 0
0.288507 -35.5039 -35.5039 2 2 0
0.288435 -35.5238 -35.5238 2 2 0
0.288363 -35.5436 -35.5436 2 2 0
0.288291 -35.5635 -35.5635 2 2 0
0.288219 -35.5834 -35.5834 2 2 0
0.288147 -35.6033 -35.6033 2 2 0
0.288076 -35.6232 -35.6232 2 2 0
0.288004 -35.6431 -35.6431 2 2 0
0.287932 -35.6629 -35.6629 2 2 0
0.287861 -35.6828 -35.6828 2 2 0
0.287789 -35.7027 -35.7027 2 2 0
0.287718 -35.7226 -35.7226 2 2 0
0.287647 -35.7425 -35.7425 2 2 0
0.287575 -35.7624 -35.7624 2 2 0
0.287504 -35.7822 -35.7822 2 2 0
0.287433 -35.8021 -35.8021 2 2 0
0.287362 -35.822 -35.822 2 2 0
0.287291 -35.8419 -35.8419 2 2 0
0.28722 -35.8618 -35.8618 2 2 0
0.287149 -35.8817 -35.8817 2 2 0
0.287078 -35.9015 -35.9015 2 2 0
0.287007 -35.9214 -35.9214 2 2 0
0.286936 -35.9413 -35.9413 2 2 0
0.286865 -35.9612 -35.9612 2 2 0
0.286795 -35.9811 -35.9811 2 2 0
0.286724 -36.001 -36.001 2 2 0
0.286653 -36.0208 -36.0208 2 2 0
0.286583 -36.0407 -36.0407 2 2 0
0.286512 -36.0606 -36.0606 2 2 0
0.286442 -36.0805 -36.0805 2 2 0
0.286371 -36.1004 -36.1004 2 2 0
0.286301 -36.1203 -36.1203 2 2 0
0.286231 -36.1401 -36.1401 2 2 0
0.286161 -36.16 -36.16 2 2 0
0.28609 -36.1799 -36.1799 2 2 0
0.28602 -36.1998 -36.1998 2 2 0
0.28595 -36.2197 -36.2197 2 2 0
0.28588 -36.2396 -36.2396 2 2 0
0.28581 -36.2595 -36.2595 2 2 0
0.28574 -36.2793 -36.2793 2 2 0
0.285671 -36.2992 -36.2992 2 2 0
0.285601 -36.3191 -36.3191 2 2 0
0.285531 -36.339 -36.339 2 2 0
0.285461 -36.3589 -36.3589 2 2 0
0.285392 -36.3788 -36.3788 2 2 0
0.285322 -36.3987 -36.3987 2 2 0
0.285252 -36.4185 -36.4185 2 2 0
0.285183 -36.4384 -36.4384 2 2 0
0.285114 -36.4583 -36.4583 2 2 0
0.285044 -36.4782 -36.4782 2 2 0
0.284975 -36.4981 -36.4981 2 2 0
0.284906 -36.518 -36.518 2 2 0
0.284836 -36.5379 -36.5379 2 2 0
0.284767 -36.5577 -36.5577 2 2 0
0.284698 -36.5776 -36.5776 2 2 0
0.284629 -36.5975 -36.5975 2 2 0
0.28456 -36.6174 -36.6174 2 2 0
0.284491 -36.6373 -36.6373 2 2 0
0.284422 -36.6572 -36.6572 2 2 0
0.284353 -36.6771 -36.6771 2 2 0
0.284284 -36.6969 -36.6969 2 2 0
0.284216 -36.7168 -36.7168 2 2 0
0.284147 -36.7367 -36.7367 2 2 0
0.284078 -36.7566 -36.7566 2 2 0
0.28401 -36.7765 -36.7765 2 2 0
0.283941 -36.7964 -36.7964 2 2 0
0.283873 -36.8163 -36.8163 2 2 0
0.283804 -36.8361 -36.8361 2 2 0
0.283736 -36.856 -36.856 2 2 0
0.283667 -36.8759 -36.8759 2 2 0
0.283599 -36.8958 -36.8958 2 2 0
0.283531 -36.9157 -36.9157 2 2 0
0.283463 -36.9356 -36.9356 2 2 0
0.283395 -36.9555 -36.9555 2 2 0
0.283326 -36.9754 -36.9754 2 2 0
0.283258 -36.9952 -36.9952 2 2 0
0.28319 -37.0151 -37.0151 2 2 0
0.283122 -37.035 -37.035 2 2 0
0.283055 -37.0549 -37.0549 2 2 0
0.282987 -37.0748 -37.0748 2 2 0
0.282919 -37.0947 -37.0947 2 2 0
0.282851 -37.1146 -37.1146 2 2 0
0.282783 -37.1345 -37.1345 2 2 0
0.282716 -37.1543 -37.1543 2 2 0
0.282648 -37.1742 -37.1742 2 2 0
0.282581 -37.1941 -37.1941 2 2 0
0.282513 -37.214 -37.214 2 2 0
0.282446 -37.2339 -37.2339 2 2 0
0.282378 -37.2538 -37.2538 2 2 0
0.282311 -37.2737 -37.2737 2 2 0
0.282244 -37.2936 -37.2936 2 2 0
0.282176 -37.3134 -37.3134 2 2 0
0.282109 -37.3333 -37.3333 2 2 0
0.282042 -37.3532 -37.3532 2 2 0
0.281975 -37.3731 -37.3731 2 2 0
0.281908 -37.393 -37.393 2 2 0
0.281841 -37.4129 -37.4129 2 2 0
0.281774 -37.4328 -37.4328 2 2 0
0.281707 -37.4527 -37.4527 2 2 0
0.28164 -37.4726 -37.4726 2 2 0
0.281573 -37.4924 -37.4924 2 2 0
0.281507 -37.5123 -37.5123 2 2 0
0.28144 -37.5322 -37.5322 2 2 0
0.281373 -37.5521 -37.5521 2 2 0
0.281307 -37.572 -37.572 2 2 0
0.28124 -37.5919 -37.5919 2 2 0
0.281174 -37.6118 -37.6118 2 2 0
0.281107 -37.6317 -37.6317 2 2 0
0.281041 -37.6516 -37.6516 2 2 0
0.280974 -37.6714 -37.6714 2 2 0
0.280908 -37.6913 -37.6913 2 2 0
0.280842 -37.7112 -37.7112 2 2 0
0.280776 -37.7311 -37.7311 2 2 0
0.280709 -37.751 -37.751 2 2 0
0.280643 -37.7709 -37.7709 2 2 0
0.280577 -37.7908 -37.7908 2 2 0
0.280511 -37.8107 -37.8107 2 2 0
0.280445 -37.8306 -37.8306 2 2 0
0.280379 -37.8505 -37.8505 2 2 0
0.280313 -37.8703 -37.8703 2 2 0
0.280248 -37.8902 -37.8902 2 2 0
0.280182 -37.9101 -37.9101 2 2 0
0.280116 -37.93 -37.93 2 2 0
0.28005 -37.9499 -37.9499 2 2 0
0.279985 -37.9698 -37.9698 2 2 0
0.279919 -37.9897 -37.9897 2 2 0
0.279854 -38.0096 -38.0096 2 2 0
0.279788 -38.0295 -38.0295 2 2 0
0.279723 -38.0494 -38.0494 2 2 0
0.279657 -38.0692 -38.0692 2 2 0
0.279592 -38.0891 -38.0891 2 2 0
0.279527 -38.109 -38.109 2 2 0
0.279461 -38.1289 -38.1289 2 2 0
0.279396 -38.1488 -38.1488 2 2 0
0.279331 -38.1687 -38.1687 2 2 0
0.279266 -38.1886 -38.1886 2 2 0
0.279201 -38.2085 -38.2085 2 2 0
0.279136 -38.2284 -38.2284 2 2 0
0.279071 -38.2483 -38.2483 2 2 0
0.279006 -38.2681 -38.2681 2 2 0
0.278941 -38.288 -38.288 2 2 0
0.278876 -38.3079 -38.3079 2 2 0
0.278811 -38.3278 -38.3278 2 2 0
0.278747 -38.3477 -38.3477 2 2 0
0.278682 -38.3676 -38.3676 2 2 0
0.278617 -38.3875 -38.3875 2 2 0
0.278553 -38.4074 -38.4074 2 2 0
0.278488 -38.4273 -38.4273 2 2 0
0.278424 -38.4472 -38.4472 2 2 0
0.278359 -38.4671 -38.4671 2 2 0
0.278295 -38.487 -38.487 2 2 0
0.27823 -38.5068 -38.5068 2 2 0
0.278166 -38.5267 -38.5267 2 2 0
0.278102 -38.5466 -38.5466 2 2 0
0.278037 -38.5665 -38.5665 2 2 0
0.277973 -38.5864 -38.5864 2 2 0
0.277909 -38.6063 -38.6063 2 2 0
0.277845 -38.6262 -38.6262 2 2 0
0.277781 -38.6461 -38.6461 2 2 0
0.277717 -38.666 -38.666 2 2 0
0.277653 -38.6859 -38.6859 2 2 0
0.277589 -38.7058 -38.7058 2 2 0
0.277525 -38.7257 -38.7257 2 2 0
0.277461 -38.7455 -38.7455 2 2 0
0.277398 -38.7654 -38.7654 2 2 0
0.277334 -38.7853 -38.7853 2 2 0
0.27727 -38.8052 -38.8052 2 2 0
0.277206 -38.8251 -38.8251 2 2 0
0.277143 -38.845 -38.845 2 2 0
0.277079 -38.8649 -38.8649 2 2 0
0.277016 -38.8848 -38.8848 2 2 0
0.276952 -38.9047 -38.9047 2 2 0
0.276889 -38.9246 -38.9246 2 2 0
1.47059 0 0 2 2 0
1.47674 0.0070563 0.0070563 2 2 0
1.48203 0.0130227 0.0130227 1 2 0
1.48789 0.0195399 0.0195399 1 2 0
1.49678 0.0292244 0.0292244 1 2 0
1.5077 0.0408141 0.0408141 1 2 0
1.51879 0.0522378 0.0522378 1 2 0
1.53004 0.0634923 0.0634923 1 2 0
1.54147 0.0745749 0.0745749 1 2 0
1.55306 0.0854828 0.0854828 1 2 0
1.56483 0.0962133 0.0962133 1 2 0
1.57676 0.106764 0.106764 1 2 0
1.58887 0.117132 0.117132 1 2 0
1.60115 0.127315 0.127315 1 2 0
1.61359 0.137311 0.137311 1 2 0
1.62621 0.147118 0.147118 1 2 0
1.639 0.156734 0.156734 1 2 0
1.65197 0.166158 0.166158 1 2 0
1.6651 0.175387 0.175387 1 2 0
1.67839 0.184421 0.184421 1 2 0
1.69186 0.193258 0.193258 1 2 0
1.70549 0.201898 0.201898 1 2 0
1.71929 0.21034 0.21034 1 2 0
1.73325 0.218583 0.218583 1 2 0
1.74737 0.226626 0.226626 1 2 0
1.76165 0.234471 0.234471 1 2 0
1.77609 0.242117 0.242117 1 2 0
1.79068 0.249564 0.249564 1 2 0
1.80543 0.256814 0.256814 1 2 0
1.82033 0.263866 0.263866 1 2 0
1.83537 0.270723 0.270723 1 2 0
1.85056 0.277384 0.277384 1 2 0
1.86588 0.283853 0.283853 1 2 0
1.88135 0.29013 0.29013 1 2 0
1.89696 0.296217 0.296217 1 2 0
1.91269 0.302116 0.302116 1 2 0
1.92856 0.30783 0.30783 1 2 0
1.94455 0.313361 0.313361 1 2 0
1.96067 0.318711 0.318711 1 2 0
1.9769 0.323884 0.323884 1 2 0
1.99325 0.328881 0.328881 1 2 0
2.00972 0.333706 0.333706 1 2 0
2.0263 0.338361 0.338361 1 2 0
2.04298 0.342851 0.342851 1 2 0
2.05977 0.347177 0.347177 1 2 0
2.07665 0.351343 0.351343 1 2 0
2.09364 0.355353 0.355353 1 2 0
2.11072 0.35921 0.35921 1 2 0
2.12789 0.362917 0.362917 1 2 0
2.14516 0.366478 0.366478 1 2 0
2.1625 0.369895 0.369895 1 2 0
2.17993 0.373174 0.373174 1 2 0
2.19744 0.376316 0.376316 1 2 0
2.21503 0.379325 0.379325 1 2 0
2.23269 0.382205 0.382205 1 2 0
2.25043 0.38496 0.38496 1 2 0
2.26823 0.387592 0.387592 1 2 0
2.28611 0.390104 0.390104 1 2 0
2.30404 0.392501 0.392501 1 2 0
2.32205 0.394786 0.394786 1 2 0
2.34011 0.396961 0.396961 1 2 0
2.35823 0.39903 0.39903 1 2 0
2.3764 0.400995 0.400995 1 2 0
2.39463 0.402861 0.402861 1 2 0
2.41292 0.40463 0.40463 1 2 0
2.43125 0.406304 0.406304 1 2 0
2.44964 0.407888 0.407888 1 2 0
2.46807 0.409383 0.409383 1 2 0
2.48654 0.410792 0.410792 1 2 0
2.50506 0.412119 0.412119 1 2 0
2.52363 0.413365 0.413365 1 2 0
2.54223 0.414534 0.414534 1 2 0
2.56087 0.415627 0.415627 1 2 0
2.57955 0.416648 0.416648 1 2 0
2.59827 0.417598 0.417598 1 2 0
2.61702 0.41848 0.41848 1 2 0
2.63581 0.419296 0.419296 1 2 0
2.65463 0.420048 0.420048 1 2 0
2.67348 0.420739 0.420739 1 2 0
2.69237 0.42137 0.42137 1 2 0
2.71128 0.421944 0.421944 1 2 0
2.73022 0.422463 0.422463 1 2 0
2.74919 0.422927 0.422927 1 2 0
2.76819 0.42334 0.42334 1 2 0
2.78721 0.423703 0.423703 1 2 0
2.80626 0.424018 0.424018 1 2 0
2.82533 0.424286 0.424286 1 2 0
2.84443 0.424508 0.424508 1 2 0
2.86355 0.424688 0.424688 1 2 0
2.88269 0.424825 0.424825 1 2 0
2.90185 0.424922 0.424922 1 2 0
2.92103 0.42498 0.42498 1 2 0
2.94024 0.425 0.425 1 2 0
2.95946 0.424984 0.424984 1 2 0
2.9787 0.424933 0.424933 1 2 0
2.99796 0.424848 0.424848 1 2 0
3.01724 0.42473 0.42473 1 2 0
3.03653 0.424581 0.424581 1 2 0
3.05584 0.424402 0.424402 1 2 0
3.07517 0.424193 0.424193 1 2 0
3.09451 0.423957 0.423957 1 2 0
3.11387 0.423693 0.423693 1 2 0
3.13324 0.423403 0.423403 1 2 0
3.15263 0.423088 0.423088 1 2 0
3.17203 0.422749 0.422749 1 2 0
3.19144 0.422387 0.422387 1 2 0
3.21087 0.422002 0.422002 1 2 0
3.23031 0.421595 0.421595 1 2 0
3.24976 0.421168 0.421168 1 2 0
3.26922 0.420721 0.420721 1 2 0
3.2887 0.420254 0.420254 1 2 0
3.30818 0.419769 0.419769 1 2 0
3.32768 0.419267 0.419267 1 2 0
3.34719 0.418747 0.418747 1 2 0
3.36671 0.418211 0.418211 1 2 0
3.38623 0.417658 0.417658 1 2 0
3.40577 0.417091 0.417091 1 2 0
3.42532 0.416509 0.416509 1 2 0
3.44488 0.415914 0.415914 1 2 0
3.46444 0.415305 0.415305 1 2 0
3.48402 0.414683 0.414683 1 2 0
3.5036 0.414048 0.414048 1 2 0
3.52319 0.413402 0.413402 1 2 0
3.54279 0.412744 0.412744 1 2 0
3.5624 0.412076 0.412076 1 2 0
3.58202 0.411397 0.411397 1 2 0
3.60164 0.410708 0.410708 1 2 0
3.62127 0.41001 0.41001 1 2 0
3.64091 0.409302 0.409302 1 2 0
3.66055 0.408586 0.408586 1 2 0
3.6802 0.407862 0.407862 1 2 0
3.69986 0.407129 0.407129 1 2 0
3.71953 0.406389 0.406389 1 2 0
3.7392 0.405642 0.405642 1 2 0
3.75887 0.404888 0.404888 1 2 0
3.77856 0.404127 0.404127 1 2 0
3.79825 0.40336 0.40336 1 2 0
3.81794 0.402587 0.402587 1 2 0
3.83764 0.401809 0.401809 1 2 0
3.85735 0.401025 0.401025 1 2 0
3.87706 0.400236 0.400236 1 2 0
3.89677 0.399442 0.399442 1 2 0
3.91649 0.398644 0.398644 1 2 0
3.92157 0.398438 0.398438 2 2 0
3.9413 0.397634 0.397634 2 2 0
3.96103 0.396826 0.396826 2 2 0
3.98077 0.396015 0.396015 2 2 0
4.00051 0.3952 0.3952 2 2 0
4.02025 0.394381 0.394381 2 2 0
4.04 0.39356 0.39356 2 2 0
4.05976 0.392736 0.392736 2 2 0
4.07952 0.391909 0.391909 2 2 0
4.09928 0.391079 0.391079 2 2 0
4.11905 0.390247 0.390247 2 2 0
4.13882 0.389413 0.389413 2 2 0
4.15859 0.388577 0.388577 2 2 0
4.17837 0.387739 0.387739 2 2 0
4.19816 0.3869 0.3869 2 2 0
4.21794 0.386059 0.386059 2 2 0
4.23773 0.385216 0.385216 2 2 0
4.25752 0.384373 0.384373 2 2 0
4.27732 0.383528 0.383528 2 2 0
4.29712 0.382683 0.382683 2 2 0
4.31692 0.381836 0.381836 2 2 0
4.33673 0.380989 0.380989 2 2 0
4.35654 0.380142 0.380142 2 2 0
4.37635 0.379294 0.379294 2 2 0
4.39617 0.378446 0.378446 2 2 0
4.41599 0.377597 0.377597 2 2 0
4.43581 0.376748 0.376748 2 2 0
4.45563 0.3759 0.3759 2 2 0
4.47546 0.375051 0.375051 2 2 0
4.49529 0.374203 0.374203 2 2 0
4.51512 0.373355 0.373355 2 2 0
4.53495 0.372507 0.372507 2 2 0
4.55479 0.37166 0.37166 2 2 0
4.57463 0.370814 0.370814 2 2 0
4.59447 0.369968 0.369968 2 2 0
4.61432 0.369122 0.369122 2 2 0
4.63416 0.368278 0.368278 2 2 0
4.65401 0.367434 0.367434 2 2 0
4.67387 0.366591 0.366591 2 2 0
4.69372 0.36575 0.36575 2 2 0
4.71358 0.364909 0.364909 2 2 0
4.73343 0.364069 0.364069 2 2 0
4.75329 0.363231 0.363231 2 2 0
4.77316 0.362394 0.362394 2 2 0
4.79302 0.361558 0.361558 2 2 0
4.81289 0.360723 0.360723 2 2 0
4.83275 0.35989 0.35989 2 2 0
4.85262 0.359058 0.359058 2 2 0
4.8725 0.358228 0.358228 2 2 0
4.89237 0.357399 0.357399 2 2 0
4.91225 0.356572 0.356572 2 2 0
4.93212 0.355747 0.355747 2 2 0
4.952 0.354923 0.354923 2 2 0
4.97188 0.354101 0.354101 2 2 0
4.99177 0.35328 0.35328 2 2 0
5.01165 0.352462 0.352462 2 2 0
5.03154 0.351645 0.351645 2 2 0
5.05142 0.35083 0.35083 2 2 0
5.07131 0.350017 0.350017 2 2 0
5.0912 0.349206 0.349206 2 2 0
5.11109 0.348397 0.348397 2 2 0
5.13099 0.347589 0.347589 2 2 0
5.15088 0.346784 0.346784 2 2 0
5.17078 0.345981 0.345981 2 2 0
5.19068 0.34518 0.34518 2 2 0
5.21058 0.344381 0.344381 2 2 0
5.23048 0.343584 0.343584 2 2 0
5.25038 0.342789 0.342789 2 2 0
5.27028 0.341996 0.341996 2 2 0
5.29019 0.341205 0.341205 2 2 0
5.31009 0.340417 0.340417 2 2 0
5.33 0.339631 0.339631 2 2 0
5.34991 0.338846 0.338846 2 2 0
5.36982 0.338065 0.338065 2 2 0
5.38973 0.337285 0.337285 2 2 0
5.40964 0.336508 0.336508 2 2 0
5.42955 0.335733 0.335733 2 2 0
5.44947 0.33496 0.33496 2 2 0
5.46938 0.334189 0.334189 2 2 0
5.4893 0.333421 0.333421 2 2 0
5.50922 0.332655 0.332655 2 2 0
5.52913 0.331892 0.331892 2 2 0
5.54905 0.33113 0.33113 2 2 0
5.56897 0.330371 0.330371 2 2 0
5.5889 0.329615 0.329615 2 2 0
5.60882 0.328861 0.328861 2 2 0
5.62874 0.328109 0.328109 2 2 0
5.64867 0.327359 0.327359 2 2 0
5.66859 0.326612 0.326612 2 2 0
5.68852 0.325868 0.325868 2 2 0
5.70845 0.325125 0.325125 2 2 0
5.72837 0.324385 0.324385 2 2 0
5.7483 0.323648 0.323648 2 2 0
5.76823 0.322913 0.322913 2 2 0
5.78816 0.32218 0.32218 2 2 0
5.8081 0.321449 0.321449 2 2 0
5.82803 0.320722 0.320722 2 2 0
5.84796 0.319996 0.319996 2 2 0
5.86789 0.319273 0.319273 2 2 0
5.88783 0.318552 0.318552 2 2 0
5.90777 0.317834 0.317834 2 2 0
5.9277 0.317118 0.317118 2 2 0
5.94764 0.316405 0.316405 2 2 0
5.96758 0.315694 0.315694 2 2 0
5.98752 0.314985 0.314985 2 2 0
6.00746 0.314279 0.314279 2 2 0
3.92157 0.398438 0.398438 4 8 0
3.92189 0.403115 0.393687 3 8 0
3.92357 0.409972 0.386451 3 8 0
3.92797 0.418717 0.376717 3 8 0
3.9346 0.426899 0.367049 3 8 0
3.94315 0.434462 0.357583 3 8 0
3.9533 0.441414 0.34839 3 8 0
3.96476 0.447788 0.339504 3 8 0
3.97731 0.453634 0.330938 3 8 0
3.99075 0.459001 0.322688 3 8 0
4.00493 0.46394 0.314744 3 8 0
4.01972 0.468497 0.307089 3 8 0
4.03502 0.472711 0.29971 3 8 0
4.05076 0.47662 0.292588 3 8 0
4.06688 0.480255 0.28571 3 8 0
4.08331 0.483644 0.279059 3 8 0
4.10003 0.48681 0.272622 3 8 0
4.11699 0.489776 0.266387 3 8 0
4.13416 0.492559 0.260343 3 8 0
4.15153 0.495177 0.254478 3 8 0
4.16907 0.497644 0.248783 3 8 0
4.18676 0.499975 0.243251 3 8 0
4.20458 0.502179 0.237872 3 8 0
4.22253 0.504265 0.23264 3 8 0
4.24059 0.506246 0.227548 3 8 0
4.25876 0.508128 0.22259 3 8 0
4.27702 0.509919 0.21776 3 8 0
4.29536 0.511628 0.213053 3 8 0
4.31379 0.513258 0.208465 3 8 0
4.33229 0.514816 0.20399 3 8 0
4.35085 0.516307 0.199626 3 8 0
4.36948 0.517736 0.195366 3 8 0
4.38817 0.519106 0.19121 3 8 0
4.40691 0.520424 0.187152 3 8 0
4.42571 0.52169 0.18319 3 8 0
4.44455 0.52291 0.179321 3 8 0
4.46344 0.524085 0.175542 3 8 0
4.48237 0.52522 0.171851 3 8 0
4.50134 0.526316 0.168243 3 8 0
4.52035 0.527375 0.16472 3 8 0
4.5394 0.528402 0.161275 3 8 0
4.55848 0.529398 0.15791 3 8 0
4.57759 0.530363 0.154619 3 8 0
4.59673 0.5313 0.151403 3 8 0
4.6159 0.532212 0.14826 3 8 0
4.6351 0.533097 0.145187 3 8 0
4.65433 0.533962 0.142182 3 8 0
4.67358 0.534804 0.139245 3 8 0
4.69286 0.535623 0.136373 3 8 0
4.71216 0.536426 0.133564 3 8 0
4.73148 0.53721 0.130818 3 8 0
4.75082 0.537976 0.128133 3 8 0
4.77018 0.538726 0.125508 3 8 0
4.78957 0.539459 0.12294 3 8 0
4.80897 0.540179 0.120429 3 8 0
4.82839 0.540886 0.117974 3 8 0
4.84783 0.54158 0.115573 3 8 0
4.86728 0.54226 0.113225 3 8 0
4.88675 0.542928 0.110929 3 8 0
4.90624 0.543586 0.108684 3 8 0
4.92574 0.544234 0.106488 3 8 0
4.94526 0.544871 0.10434 3 8 0
4.96479 0.545497 0.102241 3 8 0
4.98433 0.546117 0.100187 3 8 0
5.00389 0.546726 0.0981784 3 8 0
5.02346 0.547327 0.0962142 3 8 0
5.04304 0.547921 0.0942938 3 8 0
5.06263 0.548505 0.0924148 3 8 0
5.08224 0.549085 0.0905775 3 8 0
5.10185 0.549655 0.088781 3 8 0
5.12148 0.550221 0.0870238 3 8 0
5.14111 0.550779 0.0853047 3 8 0
5.16076 0.551332 0.0836243 3 8 0
5.18042 0.551876 0.08198 3 8 0
5.20008 0.552418 0.0803717 3 8 0
5.21976 0.552953 0.0787995 3 8 0
5.23944 0.553482 0.0772607 3 8 0
5.25914 0.554007 0.0757559 3 8 0
5.27884 0.554525 0.0742844 3 8 0
5.29854 0.555041 0.0728449 3 8 0
5.31826 0.55555 0.0714362 3 8 0
5.33799 0.556055 0.070059 3 8 0
5.35772 0.556558 0.0687109 3 8 0
5.37746 0.557053 0.0673922 3 8 0
5.3972 0.557546 0.0661025 3 8 0
5.41695 0.558036 0.0648409 3 8 0
5.43671 0.558518 0.063606 3 8 0
5.45648 0.559002 0.0623977 3 8 0
5.47625 0.559478 0.061216 3 8 0
5.49602 0.559953 0.0600595 3 8 0
5.5158 0.560423 0.0589277 3 8 0
5.53559 0.560888 0.0578198 3 8 0
5.55539 0.561353 0.0567357 3 8 0
5.57518 0.561813 0.055675 3 8 0
5.59499 0.562267 0.0546368 3 8 0
5.6148 0.562723 0.0536207 3 8 0
5.63461 0.563173 0.052626 3 8 0
5.65443 0.563619 0.0516524 3 8 0
5.67425 0.564064 0.0506994 3 8 0
5.69407 0.564504 0.0497665 3 8 0
5.71391 0.564944 0.048853 3 8 0
5.73374 0.56538 0.0479588 3 8 0
5.75358 0.565812 0.0470833 3 8 0
5.77342 0.566242 0.0462258 3 8 0
5.79327 0.566667 0.0453863 3 8 0
5.81312 0.567093 0.0445646 3 8 0
5.83297 0.567517 0.0437597 3 8 0
5.85283 0.567935 0.0429709 3 8 0
5.87269 0.568352 0.0421984 3 8 0
5.89255 0.568767 0.0414421 3 8 0
5.91242 0.569178 0.0407014 3 8 0
5.93229 0.569588 0.0399751 3 8 0
5.95216 0.569995 0.0392641 3 8 0
5.97204 0.570398 0.0385675 3 8 0
5.99191 0.570802 0.0378852 3 8 0
6.0118 0.571202 0.0372162 3 8 0
